0 0 0.979798
0.119175 0 0.979798
0 0.119175 0.979798

0 0 0.979798
0.238351 0 0.979798
0 0.238351 0.979798

0.476701 0 0.979798
0.715052 0 0.979798
0.476701 0.238351 0.979798

0.476701 0 0.979798
0.476701 0.238351 0.979798
0.238351 0 0.979798

0.476701 0 0.979798
0.476701 0.476701 0.979798
0 0 0.979798

0.953403 0 0.979798
1.19175 0 0.979798
0.953403 0.238351 0.979798

0.953403 0 0.979798
1.19175 0 0.969697
0.953403 0.238351 0.979798

0.476701 0 0.979798
0.715052 0 0.979798
0.476701 0.238351 0.979798

0 0 0.979798
0.0842238 0.0280746 0.982129
0.0317374 0.0952121 0.977162

0 0 0.979798
0.0930157 0.0584722 0.981015
-0.0389905 0.101015 0.977645

0 0 0.979798
0.101918 0.0488911 0.980739
-0.0463815 0.10987 0.979011

0 0 0.979798
0.0655485 -0.0860264 0.981144
0.0611037 0.0741607 0.981826

