


































































































































0.979798	0.979798	
0.979798	0.979798	0.979798	
0.979798	0.979798	0.979798	0.979798	
0.979798	0.979798	0.979798	0.979798	0.979798	
0.979798	0.979798	0.979798	0.979798	0.979798	0.979798	
0.979798	0.979798	0.979798	0.979798	0.979798	0.979798	0.979798	
0.979798	0.979798	0.979798	0.979798	0.979798	0.979798	0.979798	0.979798	
0.979798	0.979798	0.979798	0.979798	0.979798	0.979798	0.979798	0.979798	0.979798	
0.979798	0.979798	0.979798	0.979798	0.979798	0.979798	0.979798	0.979798	0.979798	0.979798	
0.979798	0.979798	0.979798	0.979798	0.979798	0.979798	0.979798	0.979798	0.979798	0.979798	0.979798	
0.979798	0.979798	0.979798	0.979798	0.979798	0.979798	0.979798	0.979798	0.979798	0.979798	0.979798	0.979798	
0.979798	0.979798	0.979798	0.979798	0.979798	0.979798	0.979798	0.979798	0.979798	0.979798	0.979798	0.979798	0.979798	
0.979798	0.979798	0.979798	0.979798	0.979798	0.979798	0.979798	0.979798	0.979798	0.979798	0.979798	0.979798	0.979798	0.979798	
0.979798	0.979798	0.979798	0.979798	0.979798	0.979798	0.979798	0.979798	0.979798	0.979798	0.979798	0.979798	0.979798	0.979798	0.979798	
0.979798	0.979798	0.979798	0.979798	0.979798	0.979798	0.979798	0.979798	0.979798	0.979798	0.979798	0.979798	0.979798	0.979798	0.979798	0.979798	
0.979798	0.979798	0.979798	0.979798	0.979798	0.979798	0.979798	0.979798	0.979798	0.979798	0.979798	0.979798	0.979798	0.979798	0.979798	0.979798	0.979798	
0.979798	0.979798	0.979798	0.979798	0.979798	0.979798	0.979798	0.979798	0.979798	0.979798	0.979798	0.979798	0.979798	0.979798	0.979798	0.979798	0.979798	0.979798	
0.979798	0.979798	0.979798	0.979798	0.979798	0.979798	0.979798	0.979798	0.979798	0.979798	0.979798	0.979798	0.979798	0.979798	0.979798	0.979798	0.979798	0.979798	0.979798	
0.979798	0.979798	0.979798	0.979798	0.979798	0.979798	0.979798	0.979798	0.979798	0.979798	0.979798	0.979798	0.979798	0.979798	0.979798	0.979798	0.979798	0.979798	0.979798	0.979798	
0.979798	0.979798	0.979798	0.979798	0.979798	0.979798	0.979798	0.979798	0.979798	0.979798	0.979798	0.979798	0.979798	0.979798	0.979798	0.979798	0.979798	0.979798	0.979798	0.979798	0.979798	
0.979798	0.979798	0.979798	0.979798	0.979798	0.979798	0.979798	0.979798	0.979798	0.979798	0.979798	0.979798	0.979798	0.979798	0.979798	0.979798	0.979798	0.979798	0.979798	0.979798	0.979798	0.979798	
0.979798	0.979798	0.979798	0.979798	0.979798	0.979798	0.979798	0.979798	0.979798	0.979798	0.979798	0.979798	0.979798	0.979798	0.979798	0.979798	0.979798	0.979798	0.979798	0.979798	0.979798	0.979798	0.979798	
0.979798	0.979798	0.979798	0.979798	0.979798	0.979798	0.979798	0.979798	0.979798	0.979798	0.979798	0.979798	0.979798	0.979798	0.979798	0.979798	0.979798	0.979798	0.979798	0.979798	0.979798	0.979798	0.979798	0.979798	
0.979798	0.979798	0.979798	0.979798	0.979798	0.979798	0.979798	0.979798	0.979798	0.979798	0.979798	0.979798	0.979798	0.979798	0.979798	0.979798	0.979798	0.979798	0.979798	0.979798	0.979798	0.979798	0.979798	0.979798	0.979798	
0.979798	0.979798	0.979798	0.979798	0.979798	0.979798	0.979798	0.979798	0.979798	0.979798	0.979798	0.979798	0.979798	0.979798	0.979798	0.979798	0.979798	0.979798	0.979798	0.979798	0.979798	0.979798	0.979798	0.979798	0.979798	0.979798	
0.979798	0.979798	0.979798	0.979798	0.979798	0.979798	0.979798	0.979798	0.979798	0.979798	0.979798	0.979798	0.979798	0.979798	0.979798	0.979798	0.979798	0.979798	0.979798	0.979798	0.979798	0.979798	0.979798	0.979798	0.979798	0.979798	0.979798	
0.979798	0.979798	0.979798	0.979798	0.979798	0.979798	0.979798	0.979798	0.979798	0.979798	0.979798	0.979798	0.979798	0.979798	0.979798	0.979798	0.979798	0.979798	0.979798	0.979798	0.979798	0.979798	0.979798	0.979798	0.979798	0.979798	0.979798	0.979798	
0.979798	0.979798	0.979798	0.979798	0.979798	0.979798	0.979798	0.979798	0.979798	0.979798	0.979798	0.979798	0.979798	0.979798	0.979798	0.979798	0.979798	0.979798	0.979798	0.979798	0.979798	0.979798	0.979798	0.979798	0.979798	0.979798	0.979798	0.979798	0.979798	
0.979798	0.979798	0.979798	0.979798	0.979798	0.979798	0.979798	0.979798	0.979798	0.979798	0.979798	0.979798	0.979798	0.979798	0.979798	0.979798	0.979798	0.979798	0.979798	0.979798	0.979798	0.979798	0.979798	0.979798	0.979798	0.979798	0.979798	0.979798	0.979798	0.979798	
0.979798	0.979798	0.979798	0.979798	0.979798	0.979798	0.979798	0.979798	0.979798	0.979798	0.979798	0.979798	0.979798	0.979798	0.979798	0.979798	0.979798	0.979798	0.979798	0.979798	0.979798	0.979798	0.979798	0.979798	0.979798	0.979798	0.979798	0.979798	0.979798	0.979798	0.979798	
0.979798	0.979798	0.979798	0.979798	0.979798	0.979798	0.979798	0.979798	0.979798	0.979798	0.979798	0.979798	0.979798	0.979798	0.979798	0.979798	0.979798	0.979798	0.979798	0.979798	0.979798	0.979798	0.979798	0.979798	0.979798	0.979798	0.979798	0.979798	0.979798	0.979798	0.979798	0.979798	
0.979798	0.979798	0.979798	0.979798	0.979798	0.979798	0.979798	0.979798	0.979798	0.979798	0.979798	0.979798	0.979798	0.979798	0.979798	0.979798	0.979798	0.979798	0.979798	0.979798	0.979798	0.979798	0.979798	0.979798	0.979798	0.979798	0.979798	0.979798	0.979798	0.979798	0.979798	0.979798	0.979798	
0.979798	0.979798	0.979798	0.979798	0.979798	0.979798	0.979798	0.979798	0.979798	0.979798	0.979798	0.979798	0.979798	0.979798	0.979798	0.979798	0.979798	0.979798	0.979798	0.979798	0.979798	0.979798	0.979798	0.979798	0.979798	0.979798	0.979798	0.979798	0.979798	0.979798	0.979798	0.979798	0.979798	0.979798	
0.979798	0.979798	0.979798	0.979798	0.979798	0.979798	0.979798	0.979798	0.979798	0.979798	0.979798	0.979798	0.979798	0.979798	0.979798	0.979798	0.979798	0.979798	0.979798	0.979798	0.979798	0.979798	0.979798	0.979798	0.979798	0.979798	0.979798	0.979798	0.979798	0.979798	0.979798	0.979798	0.979798	0.979798	0.979798	
0.979798	0.979798	0.979798	0.979798	0.979798	0.979798	0.979798	0.979798	0.979798	0.979798	0.979798	0.979798	0.979798	0.979798	0.979798	0.979798	0.979798	0.979798	0.979798	0.979798	0.979798	0.979798	0.979798	0.979798	0.979798	0.979798	0.979798	0.979798	0.979798	0.979798	0.979798	0.979798	0.979798	0.979798	0.979798	0.979798	
0.979798	0.979798	0.979798	0.979798	0.979798	0.979798	0.979798	0.979798	0.979798	0.979798	0.979798	0.979798	0.979798	0.979798	0.979798	0.979798	0.979798	0.979798	0.979798	0.979798	0.979798	0.979798	0.979798	0.979798	0.979798	0.979798	0.979798	0.979798	0.979798	0.979798	0.979798	0.979798	0.979798	0.979798	0.979798	0.979798	0.979798	
0.979798	0.979798	0.979798	0.979798	0.979798	0.979798	0.979798	0.979798	0.979798	0.979798	0.979798	0.979798	0.979798	0.979798	0.979798	0.979798	0.979798	0.979798	0.979798	0.979798	0.979798	0.979798	0.979798	0.979798	0.979798	0.979798	0.979798	0.979798	0.979798	0.979798	0.979798	0.979798	0.979798	0.979798	0.979798	0.979798	0.979798	0.979798	
0.979798	0.979798	0.979798	0.979798	0.979798	0.979798	0.979798	0.979798	0.979798	0.979798	0.979798	0.979798	0.979798	0.979798	0.979798	0.979798	0.979798	0.979798	0.979798	0.979798	0.979798	0.979798	0.979798	0.979798	0.979798	0.979798	0.979798	0.979798	0.979798	0.979798	0.979798	0.979798	0.979798	0.979798	0.979798	0.979798	0.979798	0.979798	0.979798	
0.979798	0.979798	0.979798	0.979798	0.979798	0.979798	0.979798	0.979798	0.979798	0.979798	0.979798	0.979798	0.979798	0.979798	0.979798	0.979798	0.979798	0.979798	0.979798	0.979798	0.979798	0.979798	0.979798	0.979798	0.979798	0.979798	0.979798	0.979798	0.979798	0.979798	0.979798	0.979798	0.979798	0.979798	0.979798	0.979798	0.979798	0.979798	0.979798	0.979798	
0.979798	0.979798	0.979798	0.979798	0.979798	0.979798	0.979798	0.979798	0.979798	0.979798	0.979798	0.979798	0.979798	0.979798	0.979798	0.979798	0.979798	0.979798	0.979798	0.979798	0.979798	0.979798	0.979798	0.979798	0.979798	0.979798	0.979798	0.979798	0.979798	0.979798	0.979798	0.979798	0.979798	0.979798	0.979798	0.979798	0.979798	0.979798	0.979798	0.979798	0.979798	
0.979798	0.979798	0.979798	0.979798	0.979798	0.979798	0.979798	0.979798	0.979798	0.979798	0.979798	0.979798	0.979798	0.979798	0.979798	0.979798	0.979798	0.979798	0.979798	0.979798	0.979798	0.979798	0.979798	0.979798	0.979798	0.979798	0.979798	0.979798	0.979798	0.979798	0.979798	0.979798	0.979798	0.979798	0.979798	0.979798	0.979798	0.979798	0.979798	0.979798	0.979798	0.979798	
0.979798	0.979798	0.979798	0.979798	0.979798	0.979798	0.979798	0.979798	0.979798	0.979798	0.979798	0.979798	0.979798	0.979798	0.979798	0.979798	0.979798	0.979798	0.979798	0.979798	0.979798	0.979798	0.979798	0.979798	0.979798	0.979798	0.979798	0.979798	0.979798	0.979798	0.979798	0.979798	0.979798	0.979798	0.979798	0.979798	0.979798	0.979798	0.979798	0.979798	0.979798	0.979798	0.979798	
0.979798	0.979798	0.979798	0.979798	0.979798	0.979798	0.979798	0.979798	0.979798	0.979798	0.979798	0.979798	0.979798	0.979798	0.979798	0.979798	0.979798	0.979798	0.979798	0.979798	0.979798	0.979798	0.979798	0.979798	0.979798	0.979798	0.979798	0.979798	0.979798	0.979798	0.979798	0.979798	0.979798	0.979798	0.979798	0.979798	0.979798	0.979798	0.979798	0.979798	0.979798	0.979798	0.979798	0.979798	
0.979798	0.979798	0.979798	0.979798	0.979798	0.979798	0.979798	0.979798	0.979798	0.979798	0.979798	0.979798	0.979798	0.979798	0.979798	0.979798	0.979798	0.979798	0.979798	0.979798	0.979798	0.979798	0.979798	0.979798	0.979798	0.979798	0.979798	0.979798	0.979798	0.979798	0.979798	0.979798	0.979798	0.979798	0.979798	0.979798	0.979798	0.979798	0.979798	0.979798	0.979798	0.979798	0.979798	0.979798	0.979798	
0.979798	0.979798	0.979798	0.979798	0.979798	0.979798	0.979798	0.979798	0.979798	0.979798	0.979798	0.979798	0.979798	0.979798	0.979798	0.979798	0.979798	0.979798	0.979798	0.979798	0.979798	0.979798	0.979798	0.979798	0.979798	0.979798	0.979798	0.979798	0.979798	0.979798	0.979798	0.979798	0.979798	0.979798	0.979798	0.979798	0.979798	0.979798	0.979798	0.979798	0.979798	0.979798	0.979798	0.979798	0.979798	0.979798	
0.979798	0.979798	0.979798	0.979798	0.979798	0.979798	0.979798	0.979798	0.979798	0.979798	0.979798	0.979798	0.979798	0.979798	0.979798	0.979798	0.979798	0.979798	0.979798	0.979798	0.979798	0.979798	0.979798	0.979798	0.979798	0.979798	0.979798	0.979798	0.979798	0.979798	0.979798	0.979798	0.979798	0.979798	0.979798	0.979798	0.979798	0.979798	0.979798	0.979798	0.979798	0.979798	0.979798	0.979798	0.979798	0.979798	0.979798	
0.979798	0.979798	0.979798	0.979798	0.979798	0.979798	0.979798	0.979798	0.979798	0.979798	0.979798	0.979798	0.979798	0.979798	0.979798	0.979798	0.979798	0.979798	0.979798	0.979798	0.979798	0.979798	0.979798	0.979798	0.979798	0.979798	0.979798	0.979798	0.979798	0.979798	0.979798	0.979798	0.979798	0.979798	0.979798	0.979798	0.979798	0.979798	0.979798	0.979798	0.979798	0.979798	0.979798	0.979798	0.979798	0.979798	0.979798	0.979798	
0.979798	0.979798	0.979798	0.979798	0.979798	0.979798	0.979798	0.979798	0.979798	0.979798	0.979798	0.979798	0.979798	0.979798	0.979798	0.979798	0.979798	0.979798	0.979798	0.979798	0.979798	0.979798	0.979798	0.979798	0.979798	0.979798	0.979798	0.979798	0.979798	0.979798	0.979798	0.979798	0.979798	0.979798	0.979798	0.979798	0.979798	0.979798	0.979798	0.979798	0.979798	0.979798	0.979798	0.979798	0.979798	0.979798	0.979798	0.979798	0.979798	
0.979798	0.979798	0.979798	0.979798	0.979798	0.979798	0.979798	0.979798	0.979798	0.979798	0.979798	0.979798	0.979798	0.979798	0.979798	0.979798	0.979798	0.979798	0.979798	0.979798	0.979798	0.979798	0.979798	0.979798	0.979798	0.979798	0.979798	0.979798	0.979798	0.979798	0.979798	0.979798	0.979798	0.979798	0.979798	0.979798	0.979798	0.979798	0.979798	0.979798	0.979798	0.979798	0.979798	0.979798	0.979798	0.979798	0.979798	0.979798	0.979798	0.979798	
0.979798	0.979798	0.979798	0.979798	0.979798	0.979798	0.979798	0.979798	0.979798	0.979798	0.979798	0.979798	0.979798	0.979798	0.979798	0.979798	0.979798	0.979798	0.979798	0.979798	0.979798	0.979798	0.979798	0.979798	0.979798	0.979798	0.979798	0.979798	0.979798	0.979798	0.979798	0.979798	0.979798	0.979798	0.979798	0.979798	0.979798	0.979798	0.979798	0.979798	0.979798	0.979798	0.979798	0.979798	0.979798	0.979798	0.979798	0.979798	0.979798	0.979798	0.979798	
0.979798	0.979798	0.979798	0.979798	0.979798	0.979798	0.979798	0.979798	0.979798	0.979798	0.979798	0.979798	0.979798	0.979798	0.979798	0.979798	0.979798	0.979798	0.979798	0.979798	0.979798	0.979798	0.979798	0.979798	0.979798	0.979798	0.979798	0.979798	0.979798	0.979798	0.979798	0.979798	0.979798	0.979798	0.979798	0.979798	0.979798	0.979798	0.979798	0.979798	0.979798	0.979798	0.979798	0.979798	0.979798	0.979798	0.979798	0.979798	0.979798	0.979798	0.979798	0.979798	
0.979798	0.979798	0.979798	0.979798	0.979798	0.979798	0.979798	0.979798	0.979798	0.979798	0.979798	0.979798	0.979798	0.979798	0.979798	0.979798	0.979798	0.979798	0.979798	0.979798	0.979798	0.979798	0.979798	0.979798	0.979798	0.979798	0.979798	0.979798	0.979798	0.979798	0.979798	0.979798	0.979798	0.979798	0.979798	0.979798	0.979798	0.979798	0.979798	0.979798	0.979798	0.979798	0.979798	0.979798	0.979798	0.979798	0.979798	0.979798	0.979798	0.979798	0.979798	0.979798	0.979798	
0.979798	0.979798	0.979798	0.979798	0.979798	0.979798	0.979798	0.979798	0.979798	0.979798	0.979798	0.979798	0.979798	0.979798	0.979798	0.979798	0.979798	0.979798	0.979798	0.979798	0.979798	0.979798	0.979798	0.979798	0.979798	0.979798	0.979798	0.979798	0.979798	0.979798	0.979798	0.979798	0.979798	0.979798	0.979798	0.979798	0.979798	0.979798	0.979798	0.979798	0.979798	0.979798	0.979798	0.979798	0.979798	0.979798	0.979798	0.979798	0.979798	0.979798	0.979798	0.979798	0.979798	0.979798	
0.979798	0.979798	0.979798	0.979798	0.979798	0.979798	0.979798	0.979798	0.979798	0.979798	0.979798	0.979798	0.979798	0.979798	0.979798	0.979798	0.979798	0.979798	0.979798	0.979798	0.979798	0.979798	0.979798	0.979798	0.979798	0.979798	0.979798	0.979798	0.979798	0.979798	0.979798	0.979798	0.979798	0.979798	0.979798	0.979798	0.979798	0.979798	0.979798	0.979798	0.979798	0.979798	0.979798	0.979798	0.979798	0.979798	0.979798	0.979798	0.979798	0.979798	0.979798	0.979798	0.979798	0.979798	0.979798	
0.979798	0.979798	0.979798	0.979798	0.979798	0.979798	0.979798	0.979798	0.979798	0.979798	0.979798	0.979798	0.979798	0.979798	0.979798	0.979798	0.979798	0.979798	0.979798	0.979798	0.979798	0.979798	0.979798	0.979798	0.979798	0.979798	0.979798	0.979798	0.979798	0.979798	0.979798	0.979798	0.979798	0.979798	0.979798	0.979798	0.979798	0.979798	0.979798	0.979798	0.979798	0.979798	0.979798	0.979798	0.979798	0.979798	0.979798	0.979798	0.979798	0.979798	0.979798	0.979798	0.979798	0.979798	0.979798	0.979798	
0.979798	0.979798	0.979798	0.979798	0.979798	0.979798	0.979798	0.979798	0.979798	0.979798	0.979798	0.979798	0.979798	0.979798	0.979798	0.979798	0.979798	0.979798	0.979798	0.979798	0.979798	0.979798	0.979798	0.979798	0.979798	0.979798	0.979798	0.979798	0.979798	0.979798	0.979798	0.979798	0.979798	0.979798	0.979798	0.979798	0.979798	0.979798	0.979798	0.979798	0.979798	0.979798	0.979798	0.979798	0.979798	0.979798	0.979798	0.979798	0.979798	0.979798	0.979798	0.979798	0.979798	0.979798	0.979798	0.979798	0.979798	
0.979798	0.979798	0.979798	0.979798	0.979798	0.979798	0.979798	0.979798	0.979798	0.979798	0.979798	0.979798	0.979798	0.979798	0.979798	0.979798	0.979798	0.979798	0.979798	0.979798	0.979798	0.979798	0.979798	0.979798	0.979798	0.979798	0.979798	0.979798	0.979798	0.979798	0.979798	0.979798	0.979798	0.979798	0.979798	0.979798	0.979798	0.979798	0.979798	0.979798	0.979798	0.979798	0.979798	0.979798	0.979798	0.979798	0.979798	0.979798	0.979798	0.979798	0.979798	0.979798	0.979798	0.979798	0.979798	0.979798	0.979798	0.979798	
0.979798	0.979798	0.979798	0.979798	0.979798	0.979798	0.979798	0.979798	0.979798	0.979798	0.979798	0.979798	0.979798	0.979798	0.979798	0.979798	0.979798	0.979798	0.979798	0.979798	0.979798	0.979798	0.979798	0.979798	0.979798	0.979798	0.979798	0.979798	0.979798	0.979798	0.979798	0.979798	0.979798	0.979798	0.979798	0.979798	0.979798	0.979798	0.979798	0.979798	0.979798	0.979798	0.979798	0.979798	0.979798	0.979798	0.979798	0.979798	0.979798	0.979798	0.979798	0.979798	0.979798	0.979798	0.979798	0.979798	0.979798	0.979798	0.979798	
0.979798	0.979798	0.979798	0.979798	0.979798	0.979798	0.979798	0.979798	0.979798	0.979798	0.979798	0.979798	0.979798	0.979798	0.979798	0.979798	0.979798	0.979798	0.979798	0.979798	0.979798	0.979798	0.979798	0.979798	0.979798	0.979798	0.979798	0.979798	0.979798	0.979798	0.979798	0.979798	0.979798	0.979798	0.979798	0.979798	0.979798	0.979798	0.979798	0.979798	0.979798	0.979798	0.979798	0.979798	0.979798	0.979798	0.979798	0.979798	0.979798	0.979798	0.979798	0.979798	0.979798	0.979798	0.979798	0.979798	0.979798	0.979798	0.979798	0.979798	
0.979798	0.979798	0.979798	0.979798	0.979798	0.979798	0.979798	0.979798	0.979798	0.979798	0.979798	0.979798	0.979798	0.979798	0.979798	0.979798	0.979798	0.979798	0.979798	0.979798	0.979798	0.979798	0.979798	0.979798	0.979798	0.979798	0.979798	0.979798	0.979798	0.979798	0.979798	0.979798	0.979798	0.979798	0.979798	0.979798	0.979798	0.979798	0.979798	0.979798	0.979798	0.979798	0.979798	0.979798	0.979798	0.979798	0.979798	0.979798	0.979798	0.979798	0.979798	0.979798	0.979798	0.979798	0.979798	0.979798	0.979798	0.979798	0.979798	0.979798	0.979798	0.979798	0.979603	
0.979798	0.979798	0.979798	0.979798	0.979798	0.979798	0.979798	0.979798	0.979798	0.979798	0.979798	0.979798	0.979798	0.979798	0.979798	0.979798	0.979798	0.979798	0.979798	0.979798	0.979798	0.979798	0.979798	0.979798	0.979798	0.979798	0.979798	0.979798	0.979798	0.979798	0.979798	0.979798	0.979798	0.979798	0.979798	0.979798	0.979798	0.979798	0.979798	0.979798	0.979798	0.979798	0.979798	0.979798	0.979798	0.979798	0.979798	0.979798	0.979798	0.979798	0.979798	0.979798	0.979798	0.979798	0.979798	0.979798	0.979798	0.979798	0.979798	0.979798	0.979798	0.979798	0.979798	0.979798	0.979798	0.979603	0.979434	
0.979798	0.979798	0.979798	0.979798	0.979798	0.979798	0.979798	0.979798	0.979798	0.979798	0.979798	0.979798	0.979798	0.979798	0.979798	0.979798	0.979798	0.979798	0.979798	0.979798	0.979798	0.979798	0.979798	0.979798	0.979798	0.979798	0.979798	0.979798	0.979798	0.979798	0.979798	0.979798	0.979798	0.979798	0.979798	0.979798	0.979798	0.979798	0.979798	0.979798	0.979798	0.979798	0.979798	0.979798	0.979798	0.979798	0.979798	0.979798	0.979798	0.979798	0.979798	0.979798	0.979798	0.979798	0.979798	0.979798	0.979798	0.979798	0.979798	0.979798	0.979798	0.979798	0.979798	0.979798	0.979798	0.979798	0.979798	0.979798	0.979603	0.979434	0.979264	
0.979798	0.979798	0.979798	0.979798	0.979798	0.979798	0.979798	0.979798	0.979798	0.979798	0.979798	0.979798	0.979798	0.979798	0.979798	0.979798	0.979798	0.979798	0.979798	0.979798	0.979798	0.979798	0.979798	0.979798	0.979798	0.979798	0.979798	0.979798	0.979798	0.979798	0.979798	0.979798	0.979798	0.979798	0.979798	0.979798	0.979798	0.979798	0.979798	0.979798	0.979798	0.979798	0.979798	0.979798	0.979798	0.979798	0.979798	0.979798	0.979798	0.979798	0.979798	0.979798	0.979798	0.979798	0.979798	0.979798	0.979798	0.979798	0.979798	0.979798	0.979798	0.979798	0.979798	0.979798	0.979798	0.979798	0.979798	0.979798	0.979798	0.979798	0.979798	0.979603	0.979434	0.979264	0.979095	
0.979798	0.979798	0.979798	0.979798	0.979798	0.979798	0.979798	0.979798	0.979798	0.979798	0.979798	0.979798	0.979798	0.979798	0.979798	0.979798	0.979798	0.979798	0.979798	0.979798	0.979798	0.979798	0.979798	0.979798	0.979798	0.979798	0.979798	0.979798	0.979798	0.979798	0.979798	0.979798	0.979798	0.979798	0.979798	0.979798	0.979798	0.979798	0.979798	0.979798	0.979798	0.979798	0.979798	0.979798	0.979798	0.979798	0.979798	0.979798	0.979798	0.979798	0.979798	0.979798	0.979798	0.979798	0.979798	0.979798	0.979798	0.979798	0.979798	0.979798	0.979798	0.979798	0.979798	0.979798	0.979798	0.979798	0.979798	0.979798	0.979798	0.979798	0.979798	0.979798	0.979798	0.979798	0.979603	0.979434	0.979264	0.979095	0.978925	
0.979798	0.979798	0.979798	0.979798	0.979798	0.979798	0.979798	0.979798	0.979798	0.979798	0.979798	0.979798	0.979798	0.979798	0.979798	0.979798	0.979798	0.979798	0.979798	0.979798	0.979798	0.979798	0.979798	0.979798	0.979798	0.979798	0.979798	0.979798	0.979798	0.979798	0.979798	0.979798	0.979798	0.979798	0.979798	0.979798	0.979798	0.979798	0.979798	0.979798	0.979798	0.979798	0.979798	0.979798	0.979798	0.979798	0.979798	0.979798	0.979798	0.979798	0.979798	0.979798	0.979798	0.979798	0.979798	0.979798	0.979798	0.979798	0.979798	0.979798	0.979798	0.979798	0.979798	0.979798	0.979798	0.979798	0.979798	0.979798	0.979798	0.979798	0.979798	0.979798	0.979798	0.979798	0.979798	0.979798	0.979798	0.979603	0.979434	0.979264	0.979095	0.978925	0.978756	
0.979798	0.979798	0.979798	0.979798	0.979798	0.979798	0.979798	0.979798	0.979798	0.979798	0.979798	0.979798	0.979798	0.979798	0.979798	0.979798	0.979798	0.979798	0.979798	0.979798	0.979798	0.979798	0.979798	0.979798	0.979798	0.979798	0.979798	0.979798	0.979798	0.979798	0.979798	0.979798	0.979798	0.979798	0.979798	0.979798	0.979798	0.979798	0.979798	0.979798	0.979798	0.979798	0.979798	0.979798	0.979798	0.979798	0.979798	0.979798	0.979798	0.979798	0.979798	0.979798	0.979798	0.979798	0.979798	0.979798	0.979798	0.979798	0.979798	0.979798	0.979798	0.979798	0.979798	0.979798	0.979798	0.979798	0.979798	0.979798	0.979798	0.979798	0.979798	0.979798	0.979798	0.979798	0.979798	0.979798	0.979798	0.979798	0.979798	0.979798	0.979603	0.979434	0.979264	0.979095	0.978925	0.978756	0.978586	
0.979798	0.979798	0.979798	0.979798	0.979798	0.979798	0.979798	0.979798	0.979798	0.979798	0.979798	0.979798	0.979798	0.979798	0.979798	0.979798	0.979798	0.979798	0.979798	0.979798	0.979798	0.979798	0.979798	0.979798	0.979798	0.979798	0.979798	0.979798	0.979798	0.979798	0.979798	0.979798	0.979798	0.979798	0.979798	0.979798	0.979798	0.979798	0.979798	0.979798	0.979798	0.979798	0.979798	0.979798	0.979798	0.979798	0.979798	0.979798	0.979798	0.979798	0.979798	0.979798	0.979798	0.979798	0.979798	0.979798	0.979798	0.979798	0.979798	0.979798	0.979798	0.979798	0.979798	0.979798	0.979798	0.979798	0.979798	0.979798	0.979798	0.979798	0.979798	0.979798	0.979798	0.979798	0.979798	0.979798	0.979798	0.979798	0.979798	0.979798	0.979798	0.979798	0.979798	0.979603	0.979434	0.979264	0.979095	0.978925	0.978756	0.978586	0.978417	
0.979798	0.979798	0.979798	0.979798	0.979798	0.979798	0.979798	0.979798	0.979798	0.979798	0.979798	0.979798	0.979798	0.979798	0.979798	0.979798	0.979798	0.979798	0.979798	0.979798	0.979798	0.979798	0.979798	0.979798	0.979798	0.979798	0.979798	0.979798	0.979798	0.979798	0.979798	0.979798	0.979798	0.979798	0.979798	0.979798	0.979798	0.979798	0.979798	0.979798	0.979798	0.979798	0.979798	0.979798	0.979798	0.979798	0.979798	0.979798	0.979798	0.979798	0.979798	0.979798	0.979798	0.979798	0.979798	0.979798	0.979798	0.979798	0.979798	0.979798	0.979798	0.979798	0.979798	0.979798	0.979798	0.979798	0.979798	0.979798	0.979798	0.979798	0.979798	0.979798	0.979798	0.979798	0.979798	0.979798	0.979798	0.979798	0.979798	0.979798	0.979798	0.979798	0.979798	0.979798	0.979798	0.979798	0.979603	0.979434	0.979264	0.979095	0.978925	0.978756	0.978586	0.978417	0.978247	
0.979798	0.979798	0.979798	0.979798	0.979798	0.979798	0.979798	0.979798	0.979798	0.979798	0.979798	0.979798	0.979798	0.979798	0.979798	0.979798	0.979798	0.979798	0.979798	0.979798	0.979798	0.979798	0.979798	0.979798	0.979798	0.979798	0.979798	0.979798	0.979798	0.979798	0.979798	0.979798	0.979798	0.979798	0.979798	0.979798	0.979798	0.979798	0.979798	0.979798	0.979798	0.979798	0.979798	0.979798	0.979798	0.979798	0.979798	0.979798	0.979798	0.979798	0.979798	0.979798	0.979798	0.979798	0.979798	0.979798	0.979798	0.979798	0.979798	0.979798	0.979798	0.979798	0.979798	0.979798	0.979798	0.979798	0.979798	0.979798	0.979798	0.979798	0.979798	0.979798	0.979798	0.979798	0.979798	0.979798	0.979798	0.979798	0.979798	0.979798	0.979798	0.979798	0.979798	0.979798	0.979798	0.979798	0.979798	0.979798	0.979798	0.979603	0.979434	0.979264	0.979095	0.978925	0.978756	0.978586	0.978417	0.978247	0.978078	
0.979798	0.979798	0.979798	0.979798	0.979798	0.979798	0.979798	0.979798	0.979798	0.979798	0.979798	0.979798	0.979798	0.979798	0.979798	0.979798	0.979798	0.979798	0.979798	0.979798	0.979798	0.979798	0.979798	0.979798	0.979798	0.979798	0.979798	0.979798	0.979798	0.979798	0.979798	0.979798	0.979798	0.979798	0.979798	0.979798	0.979798	0.979798	0.979798	0.979798	0.979798	0.979798	0.979798	0.979798	0.979798	0.979798	0.979798	0.979798	0.979798	0.979798	0.979798	0.979798	0.979798	0.979798	0.979798	0.979798	0.979798	0.979798	0.979798	0.979798	0.979798	0.979798	0.979798	0.979798	0.979798	0.979798	0.979798	0.979798	0.979798	0.979798	0.979798	0.979798	0.979798	0.979798	0.979798	0.979798	0.979798	0.979798	0.979798	0.979798	0.979798	0.979798	0.979798	0.979798	0.979798	0.979798	0.979798	0.979798	0.979798	0.979798	0.979798	0.979798	0.979603	0.979434	0.979264	0.979095	0.978925	0.978756	0.978586	0.978417	0.978247	0.978078	0.977908	
0.979798	0.979798	0.979798	0.979798	0.979798	0.979798	0.979798	0.979798	0.979798	0.979798	0.979798	0.979798	0.979798	0.979798	0.979798	0.979798	0.979798	0.979798	0.979798	0.979798	0.979798	0.979798	0.979798	0.979798	0.979798	0.979798	0.979798	0.979798	0.979798	0.979798	0.979798	0.979798	0.979798	0.979798	0.979798	0.979798	0.979798	0.979798	0.979798	0.979798	0.979798	0.979798	0.979798	0.979798	0.979798	0.979798	0.979798	0.979798	0.979798	0.979798	0.979798	0.979798	0.979798	0.979798	0.979798	0.979798	0.979798	0.979798	0.979798	0.979798	0.979798	0.979798	0.979798	0.979798	0.979798	0.979798	0.979798	0.979798	0.979798	0.979798	0.979798	0.979798	0.979798	0.979798	0.979798	0.979798	0.979798	0.979798	0.979798	0.979798	0.979798	0.979798	0.979798	0.979798	0.979798	0.979798	0.979798	0.979798	0.979798	0.979798	0.979798	0.979798	0.979798	0.979798	0.979798	0.979603	0.979434	0.979264	0.979095	0.978925	0.978756	0.978586	0.978417	0.978247	0.978078	0.977908	0.977738	
0.979798	0.979798	0.979798	0.979798	0.979798	0.979798	0.979798	0.979798	0.979798	0.979798	0.979798	0.979798	0.979798	0.979798	0.979798	0.979798	0.979798	0.979798	0.979798	0.979798	0.979798	0.979798	0.979798	0.979798	0.979798	0.979798	0.979798	0.979798	0.979798	0.979798	0.979798	0.979798	0.979798	0.979798	0.979798	0.979798	0.979798	0.979798	0.979798	0.979798	0.979798	0.979798	0.979798	0.979798	0.979798	0.979798	0.979798	0.979798	0.979798	0.979798	0.979798	0.979798	0.979798	0.979798	0.979798	0.979798	0.979798	0.979798	0.979798	0.979798	0.979798	0.979798	0.979798	0.979798	0.979798	0.979798	0.979798	0.979798	0.979798	0.979798	0.979798	0.979798	0.979798	0.979798	0.979798	0.979798	0.979798	0.979798	0.979798	0.979798	0.979798	0.979798	0.979798	0.979798	0.979798	0.979798	0.979798	0.979798	0.979798	0.979798	0.979798	0.979798	0.979798	0.979798	0.979798	0.979798	0.979798	0.979798	0.979603	0.979434	0.979264	0.979095	0.978925	0.978756	0.978586	0.978417	0.978247	0.978078	0.977908	0.977738	
0.979798	0.979798	0.979798	0.979798	0.979798	0.979798	0.979798	0.979798	0.979798	0.979798	0.979798	0.979798	0.979798	0.979798	0.979798	0.979798	0.979798	0.979798	0.979798	0.979798	0.979798	0.979798	0.979798	0.979798	0.979798	0.979798	0.979798	0.979798	0.979798	0.979798	0.979798	0.979798	0.979798	0.979798	0.979798	0.979798	0.979798	0.979798	0.979798	0.979798	0.979798	0.979798	0.979798	0.979798	0.979798	0.979798	0.979798	0.979798	0.979798	0.979798	0.979798	0.979798	0.979798	0.979798	0.979798	0.979798	0.979798	0.979798	0.979798	0.979798	0.979798	0.979798	0.979798	0.979798	0.979798	0.979798	0.979798	0.979798	0.979798	0.979798	0.979798	0.979798	0.979798	0.979798	0.979798	0.979798	0.979798	0.979798	0.979798	0.979798	0.979798	0.979798	0.979798	0.979798	0.979798	0.979798	0.979798	0.979798	0.979798	0.979798	0.979798	0.979798	0.979798	0.979798	0.979798	0.979798	0.979798	0.979798	0.979798	0.979798	0.979798	0.979603	0.979434	0.979264	0.979095	0.978925	0.978756	0.978586	0.978417	0.978247	0.978078	0.977908	0.977738	
0.979798	0.979798	0.979798	0.979798	0.979798	0.979798	0.979798	0.979798	0.979798	0.979798	0.979798	0.979798	0.979798	0.979798	0.979798	0.979798	0.979798	0.979798	0.979798	0.979798	0.979798	0.979798	0.979798	0.979798	0.979798	0.979798	0.979798	0.979798	0.979798	0.979798	0.979798	0.979798	0.979798	0.979798	0.979798	0.979798	0.979798	0.979798	0.979798	0.979798	0.979798	0.979798	0.979798	0.979798	0.979798	0.979798	0.979798	0.979798	0.979798	0.979798	0.979798	0.979798	0.979798	0.979798	0.979798	0.979798	0.979798	0.979798	0.979798	0.979798	0.979798	0.979798	0.979798	0.979798	0.979798	0.979798	0.979798	0.979798	0.979798	0.979798	0.979798	0.979798	0.979798	0.979798	0.979798	0.979798	0.979798	0.979798	0.979798	0.979798	0.979798	0.979798	0.979798	0.979798	0.979798	0.979798	0.979798	0.979798	0.979798	0.979798	0.979798	0.979798	0.979798	0.979798	0.979798	0.979798	0.979798	0.979798	0.979798	0.979798	0.979798	0.979798	0.979798	0.979798	0.979603	0.979434	0.979264	0.979095	0.978925	0.978756	0.978586	0.978417	0.978247	0.978078	0.977908	0.977738	
0.979798	0.979798	0.979798	0.979798	0.979798	0.979798	0.979798	0.979798	0.979798	0.979798	0.979798	0.979798	0.979798	0.979798	0.979798	0.979798	0.979798	0.979798	0.979798	0.979798	0.979798	0.979798	0.979798	0.979798	0.979798	0.979798	0.979798	0.979798	0.979798	0.979798	0.979798	0.979798	0.979798	0.979798	0.979798	0.979798	0.979798	0.979798	0.979798	0.979798	0.979798	0.979798	0.979798	0.979798	0.979798	0.979798	0.979798	0.979798	0.979798	0.979798	0.979798	0.979798	0.979798	0.979798	0.979798	0.979798	0.979798	0.979798	0.979798	0.979798	0.979798	0.979798	0.979798	0.979798	0.979798	0.979798	0.979798	0.979798	0.979798	0.979798	0.979798	0.979798	0.979798	0.979798	0.979798	0.979798	0.979798	0.979798	0.979798	0.979798	0.979798	0.979798	0.979798	0.979798	0.979798	0.979798	0.979798	0.979798	0.979798	0.979798	0.979798	0.979798	0.979798	0.979798	0.979798	0.979798	0.979798	0.979798	0.979798	0.979798	0.979798	0.979798	0.979798	0.979798	0.979798	0.979798	0.979798	0.979603	0.979434	0.979264	0.979095	0.978925	0.978756	0.978586	0.978417	0.978247	0.978078	0.977908	0.977738	
0.979798	0.979798	0.979798	0.979798	0.979798	0.979798	0.979798	0.979798	0.979798	0.979798	0.979798	0.979798	0.979798	0.979798	0.979798	0.979798	0.979798	0.979798	0.979798	0.979798	0.979798	0.979798	0.979798	0.979798	0.979798	0.979798	0.979798	0.979798	0.979798	0.979798	0.979798	0.979798	0.979798	0.979798	0.979798	0.979798	0.979798	0.979798	0.979798	0.979798	0.979798	0.979798	0.979798	0.979798	0.979798	0.979798	0.979798	0.979798	0.979798	0.979798	0.979798	0.979798	0.979798	0.979798	0.979798	0.979798	0.979798	0.979798	0.979798	0.979798	0.979798	0.979798	0.979798	0.979798	0.979798	0.979798	0.979798	0.979798	0.979798	0.979798	0.979798	0.979798	0.979798	0.979798	0.979798	0.979798	0.979798	0.979798	0.979798	0.979798	0.979798	0.979798	0.979798	0.979798	0.979798	0.979798	0.979798	0.979798	0.979798	0.979798	0.979798	0.979798	0.979798	0.979798	0.979798	0.979798	0.979798	0.979798	0.979798	0.979798	0.979798	0.979798	0.979798	0.979798	0.979798	0.979798	0.979798	0.979798	0.979798	0.979798	0.979603	0.979434	0.979264	0.979095	0.978925	0.978756	0.978586	0.978417	0.978247	0.978078	0.977908	0.977738	
0.979798	0.979798	0.979798	0.979798	0.979798	0.979798	0.979798	0.979798	0.979798	0.979798	0.979798	0.979798	0.979798	0.979798	0.979798	0.979798	0.979798	0.979798	0.979798	0.979798	0.979798	0.979798	0.979798	0.979798	0.979798	0.979798	0.979798	0.979798	0.979798	0.979798	0.979798	0.979798	0.979798	0.979798	0.979798	0.979798	0.979798	0.979798	0.979798	0.979798	0.979798	0.979798	0.979798	0.979798	0.979798	0.979798	0.979798	0.979798	0.979798	0.979798	0.979798	0.979798	0.979798	0.979798	0.979798	0.979798	0.979798	0.979798	0.979798	0.979798	0.979798	0.979798	0.979798	0.979798	0.979798	0.979798	0.979798	0.979798	0.979798	0.979798	0.979798	0.979798	0.979798	0.979798	0.979798	0.979798	0.979798	0.979798	0.979798	0.979798	0.979798	0.979798	0.979798	0.979798	0.979798	0.979798	0.979798	0.979798	0.979798	0.979798	0.979798	0.979798	0.979798	0.979798	0.979798	0.979798	0.979798	0.979798	0.979798	0.979798	0.979798	0.979798	0.979798	0.979798	0.979798	0.979798	0.979798	0.979798	0.979798	0.979798	0.979798	0.979798	0.979798	0.979603	0.979434	0.979264	0.979095	0.978925	0.978756	0.978586	0.978417	0.978247	0.978078	0.977908	0.977738	
0.979798	0.979798	0.979798	0.979798	0.979798	0.979798	0.979798	0.979798	0.979798	0.979798	0.979798	0.979798	0.979798	0.979798	0.979798	0.979798	0.979798	0.979798	0.979798	0.979798	0.979798	0.979798	0.979798	0.979798	0.979798	0.979798	0.979798	0.979798	0.979798	0.979798	0.979798	0.979798	0.979798	0.979798	0.979798	0.979798	0.979798	0.979798	0.979798	0.979798	0.979798	0.979798	0.979798	0.979798	0.979798	0.979798	0.979798	0.979798	0.979798	0.979798	0.979798	0.979798	0.979798	0.979798	0.979798	0.979798	0.979798	0.979798	0.979798	0.979798	0.979798	0.979798	0.979798	0.979798	0.979798	0.979798	0.979798	0.979798	0.979798	0.979798	0.979798	0.979798	0.979798	0.979798	0.979798	0.979798	0.979798	0.979798	0.979798	0.979798	0.979798	0.979798	0.979798	0.979798	0.979798	0.979798	0.979798	0.979798	0.979798	0.979798	0.979798	0.979798	0.979798	0.979798	0.979798	0.979798	0.979798	0.979798	0.979798	0.979798	0.979798	0.979798	0.979798	0.979798	0.979798	0.979798	0.979798	0.979798	0.979798	0.979798	0.979798	0.979798	0.979798	0.979798	0.979798	0.979798	0.979603	0.979434	0.979264	0.979095	0.978925	0.978756	0.978586	0.978417	0.978247	0.978078	0.977908	0.977738	
0.979798	0.979798	0.979798	0.979798	0.979798	0.979798	0.979798	0.979798	0.979798	0.979798	0.979798	0.979798	0.979798	0.979798	0.979798	0.979798	0.979798	0.979798	0.979798	0.979798	0.979798	0.979798	0.979798	0.979798	0.979798	0.979798	0.979798	0.979798	0.979798	0.979798	0.979798	0.979798	0.979798	0.979798	0.979798	0.979798	0.979798	0.979798	0.979798	0.979798	0.979798	0.979798	0.979798	0.979798	0.979798	0.979798	0.979798	0.979798	0.979798	0.979798	0.979798	0.979798	0.979798	0.979798	0.979798	0.979798	0.979798	0.979798	0.979798	0.979798	0.979798	0.979798	0.979798	0.979798	0.979798	0.979798	0.979798	0.979798	0.979798	0.979798	0.979798	0.979798	0.979798	0.979798	0.979798	0.979798	0.979798	0.979798	0.979798	0.979798	0.979798	0.979798	0.979798	0.979798	0.979798	0.979798	0.979798	0.979798	0.979798	0.979798	0.979798	0.979798	0.979798	0.979798	0.979798	0.979798	0.979798	0.979798	0.979798	0.979798	0.979798	0.979798	0.979798	0.979798	0.979798	0.979798	0.979798	0.979798	0.979798	0.979798	0.979798	0.979798	0.979798	0.979798	0.979798	0.979798	0.979798	0.979798	0.979798	0.979603	0.979434	0.979264	0.979095	0.978925	0.978756	0.978586	0.978417	0.978247	0.978078	0.977908	0.977738	
0.979798	0.979798	0.979798	0.979798	0.979798	0.979798	0.979798	0.979798	0.979798	0.979798	0.979798	0.979798	0.979798	0.979798	0.979798	0.979798	0.979798	0.979798	0.979798	0.979798	0.979798	0.979798	0.979798	0.979798	0.979798	0.979798	0.979798	0.979798	0.979798	0.979798	0.979798	0.979798	0.979798	0.979798	0.979798	0.979798	0.979798	0.979798	0.979798	0.979798	0.979798	0.979798	0.979798	0.979798	0.979798	0.979798	0.979798	0.979798	0.979798	0.979798	0.979798	0.979798	0.979798	0.979798	0.979798	0.979798	0.979798	0.979798	0.979798	0.979798	0.979798	0.979798	0.979798	0.979798	0.979798	0.979798	0.979798	0.979798	0.979798	0.979798	0.979798	0.979798	0.979798	0.979798	0.979798	0.979798	0.979798	0.979798	0.979798	0.979798	0.979798	0.979798	0.979798	0.979798	0.979798	0.979798	0.979798	0.979798	0.979798	0.979798	0.979798	0.979798	0.979798	0.979798	0.979798	0.979798	0.979798	0.979798	0.979798	0.979798	0.979798	0.979798	0.979798	0.979798	0.979798	0.979798	0.979798	0.979798	0.979798	0.979798	0.979798	0.979798	0.979798	0.979798	0.979798	0.979798	0.979798	0.979798	0.979798	0.979798	0.979798	0.979798	0.979603	0.979434	0.979264	0.979095	0.978925	0.978756	0.978586	0.978417	0.978247	0.978078	0.977908	0.977738	
0.979798	0.979798	0.979798	0.979798	0.979798	0.979798	0.979798	0.979798	0.979798	0.979798	0.979798	0.979798	0.979798	0.979798	0.979798	0.979798	0.979798	0.979798	0.979798	0.979798	0.979798	0.979798	0.979798	0.979798	0.979798	0.979798	0.979798	0.979798	0.979798	0.979798	0.979798	0.979798	0.979798	0.979798	0.979798	0.979798	0.979798	0.979798	0.979798	0.979798	0.979798	0.979798	0.979798	0.979798	0.979798	0.979798	0.979798	0.979798	0.979798	0.979798	0.979798	0.979798	0.979798	0.979798	0.979798	0.979798	0.979798	0.979798	0.979798	0.979798	0.979798	0.979798	0.979798	0.979798	0.979798	0.979798	0.979798	0.979798	0.979798	0.979798	0.979798	0.979798	0.979798	0.979798	0.979798	0.979798	0.979798	0.979798	0.979798	0.979798	0.979798	0.979798	0.979798	0.979798	0.979798	0.979798	0.979798	0.979798	0.979798	0.979798	0.979798	0.979798	0.979798	0.979798	0.979798	0.979798	0.979798	0.979798	0.979798	0.979798	0.979798	0.979798	0.979798	0.979798	0.979798	0.979798	0.979798	0.979798	0.979798	0.979798	0.979798	0.979798	0.979798	0.979798	0.979798	0.979798	0.979798	0.979798	0.979798	0.979798	0.979798	0.979798	0.979798	0.979798	0.979798	0.979603	0.979434	0.979264	0.979095	0.978925	0.978756	0.978586	0.978417	0.978247	0.978078	0.977908	0.977738	
0.979798	0.979798	0.979798	0.979798	0.979798	0.979798	0.979798	0.979798	0.979798	0.979798	0.979798	0.979798	0.979798	0.979798	0.979798	0.979798	0.979798	0.979798	0.979798	0.979798	0.979798	0.979798	0.979798	0.979798	0.979798	0.979798	0.979798	0.979798	0.979798	0.979798	0.979798	0.979798	0.979798	0.979798	0.979798	0.979798	0.979798	0.979798	0.979798	0.979798	0.979798	0.979798	0.979798	0.979798	0.979798	0.979798	0.979798	0.979798	0.979798	0.979798	0.979798	0.979798	0.979798	0.979798	0.979798	0.979798	0.979798	0.979798	0.979798	0.979798	0.979798	0.979798	0.979798	0.979798	0.979798	0.979798	0.979798	0.979798	0.979798	0.979798	0.979798	0.979798	0.979798	0.979798	0.979798	0.979798	0.979798	0.979798	0.979798	0.979798	0.979798	0.979798	0.979798	0.979798	0.979798	0.979798	0.979798	0.979798	0.979798	0.979798	0.979798	0.979798	0.979798	0.979798	0.979798	0.979798	0.979798	0.979798	0.979798	0.979798	0.979798	0.979798	0.979798	0.979798	0.979798	0.979798	0.979798	0.979798	0.979798	0.979798	0.979798	0.979798	0.979798	0.979798	0.979798	0.979798	0.979798	0.979798	0.979798	0.979798	0.979798	0.979798	0.979798	0.979798	0.979798	0.979798	0.979798	0.979798	0.979603	0.979434	0.979264	0.979095	0.978925	0.978756	0.978586	0.978417	0.978247	0.978078	0.977908	0.977738	
0.979798	0.979798	0.979798	0.979798	0.979798	0.979798	0.979798	0.979798	0.979798	0.979798	0.979798	0.979798	0.979798	0.979798	0.979798	0.979798	0.979798	0.979798	0.979798	0.979798	0.979798	0.979798	0.979798	0.979798	0.979798	0.979798	0.979798	0.979798	0.979798	0.979798	0.979798	0.979798	0.979798	0.979798	0.979798	0.979798	0.979798	0.979798	0.979798	0.979798	0.979798	0.979798	0.979798	0.979798	0.979798	0.979798	0.979798	0.979798	0.979798	0.979798	0.979798	0.979798	0.979798	0.979798	0.979798	0.979798	0.979798	0.979798	0.979798	0.979798	0.979798	0.979798	0.979798	0.979798	0.979798	0.979798	0.979798	0.979798	0.979798	0.979798	0.979798	0.979798	0.979798	0.979798	0.979798	0.979798	0.979798	0.979798	0.979798	0.979798	0.979798	0.979798	0.979798	0.979798	0.979798	0.979798	0.979798	0.979798	0.979798	0.979798	0.979798	0.979798	0.979798	0.979798	0.979798	0.979798	0.979798	0.979798	0.979798	0.979798	0.979798	0.979798	0.979798	0.979798	0.979798	0.979798	0.979798	0.979798	0.979798	0.979798	0.979798	0.979798	0.979798	0.979798	0.979798	0.979798	0.979798	0.979798	0.979798	0.979798	0.979798	0.979798	0.979798	0.979798	0.979798	0.979798	0.979798	0.979798	0.979798	0.979798	0.979798	0.979603	0.979434	0.979264	0.979095	0.978925	0.978756	0.978586	0.978417	0.978247	0.978078	0.977908	0.977738	
0.979798	0.979798	0.979798	0.979798	0.979798	0.979798	0.979798	0.979798	0.979798	0.979798	0.979798	0.979798	0.979798	0.979798	0.979798	0.979798	0.979798	0.979798	0.979798	0.979798	0.979798	0.979798	0.979798	0.979798	0.979798	0.979798	0.979798	0.979798	0.979798	0.979798	0.979798	0.979798	0.979798	0.979798	0.979798	0.979798	0.979798	0.979798	0.979798	0.979798	0.979798	0.979798	0.979798	0.979798	0.979798	0.979798	0.979798	0.979798	0.979798	0.979798	0.979798	0.979798	0.979798	0.979798	0.979798	0.979798	0.979798	0.979798	0.979798	0.979798	0.979798	0.979798	0.979798	0.979798	0.979798	0.979798	0.979798	0.979798	0.979798	0.979798	0.979798	0.979798	0.979798	0.979798	0.979798	0.979798	0.979798	0.979798	0.979798	0.979798	0.979798	0.979798	0.979798	0.979798	0.979798	0.979798	0.979798	0.979798	0.979798	0.979798	0.979798	0.979798	0.979798	0.979798	0.979798	0.979798	0.979798	0.979798	0.979798	0.979798	0.979798	0.979798	0.979798	0.979798	0.979798	0.979798	0.979798	0.979798	0.979798	0.979798	0.979798	0.979798	0.979798	0.979798	0.979798	0.979798	0.979798	0.979798	0.979798	0.979798	0.979798	0.979798	0.979798	0.979798	0.979798	0.979798	0.979798	0.979798	0.979798	0.979798	0.979798	0.979798	0.979798	0.979798	0.979603	0.979434	0.979264	0.979095	0.978925	0.978756	0.978586	0.978417	0.978247	0.978078	0.977908	0.977738	
0.979798	0.979798	0.979798	0.979798	0.979798	0.979798	0.979798	0.979798	0.979798	0.979798	0.979798	0.979798	0.979798	0.979798	0.979798	0.979798	0.979798	0.979798	0.979798	0.979798	0.979798	0.979798	0.979798	0.979798	0.979798	0.979798	0.979798	0.979798	0.979798	0.979798	0.979798	0.979798	0.979798	0.979798	0.979798	0.979798	0.979798	0.979798	0.979798	0.979798	0.979798	0.979798	0.979798	0.979798	0.979798	0.979798	0.979798	0.979798	0.979798	0.979798	0.979798	0.979798	0.979798	0.979798	0.979798	0.979798	0.979798	0.979798	0.979798	0.979798	0.979798	0.979798	0.979798	0.979798	0.979798	0.979798	0.979798	0.979798	0.979798	0.979798	0.979798	0.979798	0.979798	0.979798	0.979798	0.979798	0.979798	0.979798	0.979798	0.979798	0.979798	0.979798	0.979798	0.979798	0.979798	0.979798	0.979798	0.979798	0.979798	0.979798	0.979798	0.979798	0.979798	0.979798	0.979798	0.979798	0.979798	0.979798	0.979798	0.979798	0.979798	0.979798	0.979798	0.979798	0.979798	0.979798	0.979798	0.979798	0.979798	0.979798	0.979798	0.979798	0.979798	0.979798	0.979798	0.979798	0.979798	0.979798	0.979798	0.979798	0.979798	0.979798	0.979798	0.979798	0.979798	0.979798	0.979798	0.979798	0.979798	0.979798	0.979798	0.979798	0.979798	0.979798	0.979798	0.979798	0.979798	0.979603	0.979434	0.979264	0.979095	0.978925	0.978756	0.978586	0.978417	0.978247	0.978078	0.977908	0.977738	
0.979798	0.979798	0.979798	0.979798	0.979798	0.979798	0.979798	0.979798	0.979798	0.979798	0.979798	0.979798	0.979798	0.979798	0.979798	0.979798	0.979798	0.979798	0.979798	0.979798	0.979798	0.979798	0.979798	0.979798	0.979798	0.979798	0.979798	0.979798	0.979798	0.979798	0.979798	0.979798	0.979798	0.979798	0.979798	0.979798	0.979798	0.979798	0.979798	0.979798	0.979798	0.979798	0.979798	0.979798	0.979798	0.979798	0.979798	0.979798	0.979798	0.979798	0.979798	0.979798	0.979798	0.979798	0.979798	0.979798	0.979798	0.979798	0.979798	0.979798	0.979798	0.979798	0.979798	0.979798	0.979798	0.979798	0.979798	0.979798	0.979798	0.979798	0.979798	0.979798	0.979798	0.979798	0.979798	0.979798	0.979798	0.979798	0.979798	0.979798	0.979798	0.979798	0.979798	0.979798	0.979798	0.979798	0.979798	0.979798	0.979798	0.979798	0.979798	0.979798	0.979798	0.979798	0.979798	0.979798	0.979798	0.979798	0.979798	0.979798	0.979798	0.979798	0.979798	0.979798	0.979798	0.979798	0.979798	0.979798	0.979798	0.979798	0.979798	0.979798	0.979798	0.979798	0.979798	0.979798	0.979798	0.979798	0.979798	0.979798	0.979798	0.979798	0.979798	0.979798	0.979798	0.979798	0.979798	0.979798	0.979798	0.979798	0.979798	0.979798	0.979798	0.979798	0.979798	0.979798	0.979798	0.979798	0.979798	0.979798	0.979603	0.979434	0.979264	0.979095	0.978925	0.978756	0.978586	0.978417	0.978247	0.978078	0.977908	0.977738	
0.979798	0.979798	0.979798	0.979798	0.979798	0.979798	0.979798	0.979798	0.979798	0.979798	0.979798	0.979798	0.979798	0.979798	0.979798	0.979798	0.979798	0.979798	0.979798	0.979798	0.979798	0.979798	0.979798	0.979798	0.979798	0.979798	0.979798	0.979798	0.979798	0.979798	0.979798	0.979798	0.979798	0.979798	0.979798	0.979798	0.979798	0.979798	0.979798	0.979798	0.979798	0.979798	0.979798	0.979798	0.979798	0.979798	0.979798	0.979798	0.979798	0.979798	0.979798	0.979798	0.979798	0.979798	0.979798	0.979798	0.979798	0.979798	0.979798	0.979798	0.979798	0.979798	0.979798	0.979798	0.979798	0.979798	0.979798	0.979798	0.979798	0.979798	0.979798	0.979798	0.979798	0.979798	0.979798	0.979798	0.979798	0.979798	0.979798	0.979798	0.979798	0.979798	0.979798	0.979798	0.979798	0.979798	0.979798	0.979798	0.979798	0.979798	0.979798	0.979798	0.979798	0.979798	0.979798	0.979798	0.979798	0.979798	0.979798	0.979798	0.979798	0.979798	0.979798	0.979798	0.979798	0.979798	0.979798	0.979798	0.979798	0.979798	0.979798	0.979798	0.979798	0.979798	0.979798	0.979798	0.979798	0.979798	0.979798	0.979798	0.979798	0.979798	0.979798	0.979798	0.979798	0.979798	0.979798	0.979798	0.979798	0.979798	0.979798	0.979798	0.979798	0.979798	0.979798	0.979798	0.979798	0.979798	0.979798	0.979798	0.979798	0.979798	0.979798	0.979603	0.979434	0.979264	0.979095	0.978925	0.978756	0.978586	0.978417	0.978247	0.978078	0.977908	0.977738	
0.979798	0.979798	0.979798	0.979798	0.979798	0.979798	0.979798	0.979798	0.979798	0.979798	0.979798	0.979798	0.979798	0.979798	0.979798	0.979798	0.979798	0.979798	0.979798	0.979798	0.979798	0.979798	0.979798	0.979798	0.979798	0.979798	0.979798	0.979798	0.979798	0.979798	0.979798	0.979798	0.979798	0.979798	0.979798	0.979798	0.979798	0.979798	0.979798	0.979798	0.979798	0.979798	0.979798	0.979798	0.979798	0.979798	0.979798	0.979798	0.979798	0.979798	0.979798	0.979798	0.979798	0.979798	0.979798	0.979798	0.979798	0.979798	0.979798	0.979798	0.979798	0.979798	0.979798	0.979798	0.979798	0.979798	0.979798	0.979798	0.979798	0.979798	0.979798	0.979798	0.979798	0.979798	0.979798	0.979798	0.979798	0.979798	0.979798	0.979798	0.979798	0.979798	0.979798	0.979798	0.979798	0.979798	0.979798	0.979798	0.979798	0.979798	0.979798	0.979798	0.979798	0.979798	0.979798	0.979798	0.979798	0.979798	0.979798	0.979798	0.979798	0.979798	0.979798	0.979798	0.979798	0.979798	0.979798	0.979798	0.979798	0.979798	0.979798	0.979798	0.979798	0.979798	0.979798	0.979798	0.979798	0.979798	0.979798	0.979798	0.979798	0.979798	0.979798	0.979798	0.979798	0.979798	0.979798	0.979798	0.979798	0.979798	0.979798	0.979798	0.979798	0.979798	0.979798	0.979798	0.979798	0.979798	0.979798	0.979798	0.979798	0.979798	0.979798	0.979798	0.979798	0.979798	0.979603	0.979434	0.979264	0.979095	0.978925	0.978756	0.978586	0.978417	0.978247	0.978078	0.977908	0.977738	
0.979798	0.979798	0.979798	0.979798	0.979798	0.979798	0.979798	0.979798	0.979798	0.979798	0.979798	0.979798	0.979798	0.979798	0.979798	0.979798	0.979798	0.979798	0.979798	0.979798	0.979798	0.979798	0.979798	0.979798	0.979798	0.979798	0.979798	0.979798	0.979798	0.979798	0.979798	0.979798	0.979798	0.979798	0.979798	0.979798	0.979798	0.979798	0.979798	0.979798	0.979798	0.979798	0.979798	0.979798	0.979798	0.979798	0.979798	0.979798	0.979798	0.979798	0.979798	0.979798	0.979798	0.979798	0.979798	0.979798	0.979798	0.979798	0.979798	0.979798	0.979798	0.979798	0.979798	0.979798	0.979798	0.979798	0.979798	0.979798	0.979798	0.979798	0.979798	0.979798	0.979798	0.979798	0.979798	0.979798	0.979798	0.979798	0.979798	0.979798	0.979798	0.979798	0.979798	0.979798	0.979798	0.979798	0.979798	0.979798	0.979798	0.979798	0.979798	0.979798	0.979798	0.979798	0.979798	0.979798	0.979798	0.979798	0.979798	0.979798	0.979798	0.979798	0.979798	0.979798	0.979798	0.979798	0.979798	0.979798	0.979798	0.979798	0.979798	0.979798	0.979798	0.979798	0.979798	0.979798	0.979798	0.979798	0.979798	0.979798	0.979798	0.979798	0.979798	0.979798	0.979798	0.979798	0.979798	0.979798	0.979798	0.979798	0.979798	0.979798	0.979798	0.979798	0.979798	0.979798	0.979798	0.979798	0.979798	0.979798	0.979798	0.979798	0.979798	0.979798	0.979798	0.979798	0.979798	0.979798	0.979798	0.979603	0.979434	0.979264	0.979095	0.978925	0.978756	0.978586	0.978417	0.978247	0.978078	0.977908	0.977738	
0.979798	0.979798	0.979798	0.979798	0.979798	0.979798	0.979798	0.979798	0.979798	0.979798	0.979798	0.979798	0.979798	0.979798	0.979798	0.979798	0.979798	0.979798	0.979798	0.979798	0.979798	0.979798	0.979798	0.979798	0.979798	0.979798	0.979798	0.979798	0.979798	0.979798	0.979798	0.979798	0.979798	0.979798	0.979798	0.979798	0.979798	0.979798	0.979798	0.979798	0.979798	0.979798	0.979798	0.979798	0.979798	0.979798	0.979798	0.979798	0.979798	0.979798	0.979798	0.979798	0.979798	0.979798	0.979798	0.979798	0.979798	0.979798	0.979798	0.979798	0.979798	0.979798	0.979798	0.979798	0.979798	0.979798	0.979798	0.979798	0.979798	0.979798	0.979798	0.979798	0.979798	0.979798	0.979798	0.979798	0.979798	0.979798	0.979798	0.979798	0.979798	0.979798	0.979798	0.979798	0.979798	0.979798	0.979798	0.979798	0.979798	0.979798	0.979798	0.979798	0.979798	0.979798	0.979798	0.979798	0.979798	0.979798	0.979798	0.979798	0.979798	0.979798	0.979798	0.979798	0.979798	0.979798	0.979798	0.979798	0.979798	0.979798	0.979798	0.979798	0.979798	0.979798	0.979798	0.979798	0.979798	0.979798	0.979798	0.979798	0.979798	0.979798	0.979798	0.979798	0.979798	0.979798	0.979798	0.979798	0.979798	0.979798	0.979798	0.979798	0.979798	0.979798	0.979798	0.979798	0.979798	0.979798	0.979798	0.979798	0.979798	0.979798	0.979798	0.979798	0.979798	0.979798	0.979798	0.979798	0.979798	0.979798	0.979603	0.979434	0.979264	0.979095	0.978925	0.978756	0.978586	0.978417	0.978247	0.978078	0.977908	0.977738	
0.979798	0.979798	0.979798	0.979798	0.979798	0.979798	0.979798	0.979798	0.979798	0.979798	0.979798	0.979798	0.979798	0.979798	0.979798	0.979798	0.979798	0.979798	0.979798	0.979798	0.979798	0.979798	0.979798	0.979798	0.979798	0.979798	0.979798	0.979798	0.979798	0.979798	0.979798	0.979798	0.979798	0.979798	0.979798	0.979798	0.979798	0.979798	0.979798	0.979798	0.979798	0.979798	0.979798	0.979798	0.979798	0.979798	0.979798	0.979798	0.979798	0.979798	0.979798	0.979798	0.979798	0.979798	0.979798	0.979798	0.979798	0.979798	0.979798	0.979798	0.979798	0.979798	0.979798	0.979798	0.979798	0.979798	0.979798	0.979798	0.979798	0.979798	0.979798	0.979798	0.979798	0.979798	0.979798	0.979798	0.979798	0.979798	0.979798	0.979798	0.979798	0.979798	0.979798	0.979798	0.979798	0.979798	0.979798	0.979798	0.979798	0.979798	0.979798	0.979798	0.979798	0.979798	0.979798	0.979798	0.979798	0.979798	0.979798	0.979798	0.979798	0.979798	0.979798	0.979798	0.979798	0.979798	0.979798	0.979798	0.979798	0.979798	0.979798	0.979798	0.979798	0.979798	0.979798	0.979798	0.979798	0.979798	0.979798	0.979798	0.979798	0.979798	0.979798	0.979798	0.979798	0.979798	0.979798	0.979798	0.979798	0.979798	0.979798	0.979798	0.979798	0.979798	0.979798	0.979798	0.979798	0.979798	0.979798	0.979798	0.979798	0.979798	0.979798	0.979798	0.979798	0.979798	0.979798	0.979798	0.979798	0.979798	0.979798	0.979603	0.979434	0.979264	0.979095	0.978925	0.978756	0.978586	0.978417	0.978247	0.978078	0.977908	0.977738	
0.979798	0.979798	0.979798	0.979798	0.979798	0.979798	0.979798	0.979798	0.979798	0.979798	0.979798	0.979798	0.979798	0.979798	0.979798	0.979798	0.979798	0.979798	0.979798	0.979798	0.979798	0.979798	0.979798	0.979798	0.979798	0.979798	0.979798	0.979798	0.979798	0.979798	0.979798	0.979798	0.979798	0.979798	0.979798	0.979798	0.979798	0.979798	0.979798	0.979798	0.979798	0.979798	0.979798	0.979798	0.979798	0.979798	0.979798	0.979798	0.979798	0.979798	0.979798	0.979798	0.979798	0.979798	0.979798	0.979798	0.979798	0.979798	0.979798	0.979798	0.979798	0.979798	0.979798	0.979798	0.979798	0.979798	0.979798	0.979798	0.979798	0.979798	0.979798	0.979798	0.979798	0.979798	0.979798	0.979798	0.979798	0.979798	0.979798	0.979798	0.979798	0.979798	0.979798	0.979798	0.979798	0.979798	0.979798	0.979798	0.979798	0.979798	0.979798	0.979798	0.979798	0.979798	0.979798	0.979798	0.979798	0.979798	0.979798	0.979798	0.979798	0.979798	0.979798	0.979798	0.979798	0.979798	0.979798	0.979798	0.979798	0.979798	0.979798	0.979798	0.979798	0.979798	0.979798	0.979798	0.979798	0.979798	0.979798	0.979798	0.979798	0.979798	0.979798	0.979798	0.979798	0.979798	0.979798	0.979798	0.979798	0.979798	0.979798	0.979798	0.979798	0.979798	0.979798	0.979798	0.979798	0.979798	0.979798	0.979798	0.979798	0.979798	0.979798	0.979798	0.979798	0.979798	0.979798	0.979798	0.979798	0.979798	0.979798	0.979798	0.979603	0.979434	0.979264	0.979095	0.978925	0.978756	0.978586	0.978417	0.978247	0.978078	0.977908	0.977738	
0.979068	0.97911	0.979152	0.979798	0.979798	0.979798	0.979798	0.979798	0.979798	0.979798	0.979798	0.979798	0.979798	0.979798	0.979798	0.979798	0.979798	0.979798	0.979798	0.979798	0.979798	0.979798	0.979798	0.979798	0.979798	0.979798	0.979798	0.979798	0.979798	0.979798	0.979798	0.979798	0.979798	0.979798	0.979798	0.979798	0.979798	0.979798	0.979798	0.979798	0.979798	0.979798	0.979798	0.979798	0.979798	0.979798	0.979798	0.979798	0.979798	0.979798	0.979798	0.979798	0.979798	0.979798	0.979798	0.979798	0.979798	0.979798	0.979798	0.979798	0.979798	0.979798	0.979798	0.979798	0.979798	0.979798	0.979798	0.979798	0.979798	0.979798	0.979798	0.979798	0.979798	0.979798	0.979798	0.979798	0.979798	0.979798	0.979798	0.979798	0.979798	0.979798	0.979798	0.979798	0.979798	0.979798	0.979798	0.979798	0.979798	0.979798	0.979798	0.979798	0.979798	0.979798	0.979798	0.979798	0.979798	0.979798	0.979798	0.979798	0.979798	0.979798	0.979798	0.979798	0.979798	0.979798	0.979798	0.979798	0.979798	0.979798	0.979798	0.979798	0.979798	0.979798	0.979798	0.979798	0.979798	0.979798	0.979798	0.979798	0.979798	0.979798	0.979798	0.979798	0.979798	0.979798	0.979798	0.979798	0.979798	0.979798	0.979798	0.979798	0.979798	0.979798	0.979798	0.979798	0.979798	0.979798	0.979798	0.979798	0.979798	0.979798	0.979798	0.979798	0.979798	0.979798	0.979798	0.979798	0.979798	0.979798	0.979798	0.979798	0.979798	0.979798	0.979798	0.979798	0.979603	0.979434	0.979264	0.979095	0.978925	0.978756	0.978586	0.978417	0.978247	0.978078	0.977908	0.977738	
0.979121	0.979163	0.979205	0.979247	0.979289	0.979798	0.979798	0.979798	0.979798	0.979798	0.979798	0.979798	0.979798	0.979798	0.979798	0.979798	0.979798	0.979798	0.979798	0.979798	0.979798	0.979798	0.979798	0.979798	0.979798	0.979798	0.979798	0.979798	0.979798	0.979798	0.979798	0.979798	0.979798	0.979798	0.979798	0.979798	0.979798	0.979798	0.979798	0.979798	0.979798	0.979798	0.979798	0.979798	0.979798	0.979798	0.979798	0.979798	0.979798	0.979798	0.979798	0.979798	0.979798	0.979798	0.979798	0.979798	0.979798	0.979798	0.979798	0.979798	0.979798	0.979798	0.979798	0.979798	0.979798	0.979798	0.979798	0.979798	0.979798	0.979798	0.979798	0.979798	0.979798	0.979798	0.979798	0.979798	0.979798	0.979798	0.979798	0.979798	0.979798	0.979798	0.979798	0.979798	0.979798	0.979798	0.979798	0.979798	0.979798	0.979798	0.979798	0.979798	0.979798	0.979798	0.979798	0.979798	0.979798	0.979798	0.979798	0.979798	0.979798	0.979798	0.979798	0.979798	0.979798	0.979798	0.979798	0.979798	0.979798	0.979798	0.979798	0.979798	0.979798	0.979798	0.979798	0.979798	0.979798	0.979798	0.979798	0.979798	0.979798	0.979798	0.979798	0.979798	0.979798	0.979798	0.979798	0.979798	0.979798	0.979798	0.979798	0.979798	0.979798	0.979798	0.979798	0.979798	0.979798	0.979798	0.979798	0.979798	0.979798	0.979798	0.979798	0.979798	0.979798	0.979798	0.979798	0.979798	0.979798	0.979798	0.979798	0.979798	0.979798	0.979798	0.979798	0.979798	0.979798	0.979798	0.979798	0.979603	0.979434	0.979264	0.979095	0.978925	0.978756	0.978586	0.978417	0.978247	0.978078	0.977908	0.977738	
0.979132	0.977791	0.977876	0.977961	0.9793	0.979342	0.979384	0.979798	0.979798	0.979798	0.979798	0.979798	0.979798	0.979798	0.979798	0.979798	0.979798	0.979798	0.979798	0.979798	0.979798	0.979798	0.979798	0.979798	0.979798	0.979798	0.979798	0.979798	0.979798	0.979798	0.979798	0.979798	0.979798	0.979798	0.979798	0.979798	0.979798	0.979798	0.979798	0.979798	0.979798	0.979798	0.979798	0.979798	0.979798	0.979798	0.979798	0.979798	0.979798	0.979798	0.979798	0.979798	0.979798	0.979798	0.979798	0.979798	0.979798	0.979798	0.979798	0.979798	0.979798	0.979798	0.979798	0.979798	0.979798	0.979798	0.979798	0.979798	0.979798	0.979798	0.979798	0.979798	0.979798	0.979798	0.979798	0.979798	0.979798	0.979798	0.979798	0.979798	0.979798	0.979798	0.979798	0.979798	0.979798	0.979798	0.979798	0.979798	0.979798	0.979798	0.979798	0.979798	0.979798	0.979798	0.979798	0.979798	0.979798	0.979798	0.979798	0.979798	0.979798	0.979798	0.979798	0.979798	0.979798	0.979798	0.979798	0.979798	0.979798	0.979798	0.979798	0.979798	0.979798	0.979798	0.979798	0.979798	0.979798	0.979798	0.979798	0.979798	0.979798	0.979798	0.979798	0.979798	0.979798	0.979798	0.979798	0.979798	0.979798	0.979798	0.979798	0.979798	0.979798	0.979798	0.979798	0.979798	0.979798	0.979798	0.979798	0.979798	0.979798	0.979798	0.979798	0.979798	0.979798	0.979798	0.979798	0.979798	0.979798	0.979798	0.979798	0.979798	0.979798	0.979798	0.979798	0.979798	0.979798	0.979798	0.979798	0.979798	0.979798	0.979798	0.979603	0.979434	0.979264	0.979095	0.978925	0.978756	0.978586	0.978417	0.978247	0.978078	0.977908	0.977738	
0.977843	0.977928	0.978014	0.978099	0.978184	0.978269	0.979437	0.97948	0.979522	0.979798	0.979798	0.979798	0.979798	0.979798	0.979798	0.979798	0.977306	0.977472	0.979798	0.979798	0.979798	0.979798	0.979798	0.979798	0.979798	0.979798	0.979798	0.979798	0.979798	0.979798	0.979798	0.979798	0.979798	0.979798	0.979798	0.979798	0.979798	0.979798	0.979798	0.979798	0.979798	0.979798	0.979798	0.979798	0.979798	0.979798	0.979798	0.979798	0.979798	0.979798	0.979798	0.979798	0.979798	0.979798	0.979798	0.979798	0.979798	0.979798	0.979798	0.979798	0.979798	0.979798	0.979798	0.979798	0.979798	0.979798	0.979798	0.979798	0.979798	0.979798	0.979798	0.979798	0.979798	0.979798	0.979798	0.979798	0.979798	0.979798	0.979798	0.979798	0.979798	0.979798	0.979798	0.979798	0.979798	0.979798	0.979798	0.979798	0.979798	0.979798	0.979798	0.979798	0.979798	0.979798	0.979798	0.979798	0.979798	0.979798	0.979798	0.979798	0.979798	0.979798	0.979798	0.979798	0.979798	0.979798	0.979798	0.979798	0.979798	0.979798	0.979798	0.979798	0.979798	0.979798	0.979798	0.979798	0.979798	0.979798	0.979798	0.979798	0.979798	0.979798	0.979798	0.979798	0.979798	0.979798	0.979798	0.979798	0.979798	0.979798	0.979798	0.979798	0.979798	0.979798	0.979798	0.979798	0.979798	0.979798	0.979798	0.979798	0.979798	0.979798	0.979798	0.979798	0.979798	0.979798	0.979798	0.979798	0.979798	0.979798	0.979798	0.979798	0.979798	0.979798	0.979798	0.979798	0.979798	0.979798	0.979798	0.979798	0.979798	0.979798	0.979798	0.979798	0.979798	0.979603	0.979434	0.979264	0.979095	0.978925	0.978756	0.978586	0.978417	0.978247	0.978078	0.977908	0.977738	
0.979195	0.977981	0.978066	0.978151	0.978236	0.978322	0.978407	0.978492	0.978577	0.979575	0.979617	0.979798	0.979798	0.979798	0.979798	0.979798	0.979798	0.977472	0.977638	0.979798	0.979798	0.979798	0.979798	0.979798	0.979798	0.979798	0.979798	0.979798	0.979798	0.979798	0.979798	0.979798	0.979798	0.979798	0.979798	0.979798	0.979798	0.979798	0.979798	0.979798	0.979798	0.979798	0.979798	0.979798	0.979798	0.979798	0.979798	0.979798	0.979798	0.979798	0.979798	0.979798	0.979798	0.979798	0.979798	0.979798	0.979798	0.979798	0.979798	0.979798	0.979798	0.979798	0.979798	0.979798	0.979798	0.979798	0.979798	0.979798	0.979798	0.979798	0.979798	0.979798	0.979798	0.979798	0.979798	0.979798	0.979798	0.979798	0.979798	0.979798	0.979798	0.979798	0.979798	0.979798	0.979798	0.979798	0.979798	0.979798	0.979798	0.979798	0.979798	0.979798	0.979798	0.979798	0.979798	0.979798	0.979798	0.979798	0.979798	0.979798	0.979798	0.979798	0.979798	0.979798	0.979798	0.979798	0.979798	0.979798	0.979798	0.979798	0.979798	0.979798	0.979798	0.979798	0.979798	0.979798	0.979798	0.979798	0.979798	0.979798	0.979798	0.979798	0.979798	0.979798	0.979798	0.979798	0.979798	0.979798	0.979798	0.979798	0.979798	0.979798	0.979798	0.979798	0.979798	0.979798	0.979798	0.979798	0.979798	0.979798	0.979798	0.979798	0.979798	0.979798	0.979798	0.979798	0.979798	0.979798	0.979798	0.979798	0.979798	0.979798	0.979798	0.979798	0.979798	0.979798	0.979798	0.979798	0.979798	0.979798	0.979798	0.979798	0.979798	0.979798	0.979798	0.979798	0.979798	0.979603	0.979434	0.979264	0.979095	0.978925	0.978756	0.978586	0.978417	0.978247	0.978078	0.977908	0.977738	
0.979206	0.978033	0.978118	0.978204	0.978289	0.978374	0.978459	0.978545	0.97863	0.978715	0.9788	0.978886	0.979712	0.979798	0.979798	0.979798	0.979798	0.977638	0.977805	0.977971	0.979798	0.979798	0.979798	0.979798	0.979798	0.979798	0.979798	0.979798	0.979798	0.979798	0.979798	0.979798	0.979798	0.979798	0.979798	0.979798	0.979798	0.979798	0.979798	0.979798	0.979798	0.979798	0.979798	0.979798	0.979798	0.979798	0.979798	0.979798	0.979798	0.979798	0.979798	0.979798	0.979798	0.979798	0.979798	0.979798	0.979798	0.979798	0.979798	0.979798	0.979798	0.979798	0.979798	0.979798	0.979798	0.979798	0.979798	0.979798	0.979798	0.979798	0.979798	0.979798	0.979798	0.979798	0.979798	0.979798	0.979798	0.979798	0.979798	0.979798	0.979798	0.979798	0.979798	0.979798	0.979798	0.979798	0.979798	0.979798	0.979798	0.979798	0.979798	0.979798	0.979798	0.979798	0.979798	0.979798	0.979798	0.979798	0.979798	0.979798	0.979798	0.979798	0.979798	0.979798	0.979798	0.979798	0.979798	0.979798	0.979798	0.979798	0.979798	0.979798	0.979798	0.979798	0.979798	0.979798	0.979798	0.979798	0.979798	0.979798	0.979798	0.979798	0.979798	0.979798	0.979798	0.979798	0.979798	0.979798	0.979798	0.979798	0.979798	0.979798	0.979798	0.979798	0.979798	0.979798	0.979798	0.979798	0.979798	0.979798	0.979798	0.979798	0.979798	0.979798	0.979798	0.979798	0.979798	0.979798	0.979798	0.979798	0.979798	0.979798	0.979798	0.979798	0.979798	0.979798	0.979798	0.979798	0.979798	0.979798	0.979798	0.979798	0.979798	0.979798	0.979798	0.979798	0.979798	0.979798	0.979603	0.979434	0.979264	0.979095	0.978925	0.978756	0.978586	0.978417	0.978247	0.978078	0.977908	0.977738	
0.979259	0.978171	0.978256	0.978341	0.978426	0.978512	0.978597	0.978682	0.978767	0.978853	0.978938	0.979023	0.979108	0.979194	0.979279	0.977638	0.977805	0.977971	0.978137	0.978303	0.979798	0.979798	0.979798	0.979798	0.979798	0.979798	0.979798	0.979798	0.979798	0.979798	0.979798	0.979798	0.979798	0.979798	0.979798	0.979798	0.979798	0.979798	0.979798	0.979798	0.979798	0.979798	0.979798	0.979798	0.979798	0.979798	0.979798	0.979798	0.979798	0.979798	0.979798	0.979798	0.979798	0.979798	0.979798	0.979798	0.979798	0.979798	0.979798	0.979798	0.979798	0.979798	0.979798	0.979798	0.979798	0.979798	0.979798	0.979798	0.979798	0.979798	0.979798	0.979798	0.979798	0.979798	0.979798	0.979798	0.979798	0.979798	0.979798	0.979798	0.979798	0.979798	0.979798	0.979798	0.979798	0.979798	0.979798	0.979798	0.979798	0.979798	0.979798	0.979798	0.979798	0.979798	0.979798	0.979798	0.979798	0.979798	0.979798	0.979798	0.979798	0.979798	0.979798	0.979798	0.979798	0.979798	0.979798	0.979798	0.979798	0.979798	0.979798	0.979798	0.979798	0.979798	0.979798	0.979798	0.979798	0.979798	0.979798	0.979798	0.979798	0.979798	0.979798	0.979798	0.979798	0.979798	0.979798	0.979798	0.979798	0.979798	0.979798	0.979798	0.979798	0.979798	0.979798	0.979798	0.979798	0.979798	0.979798	0.979798	0.979798	0.979798	0.979798	0.979798	0.979798	0.979798	0.979798	0.979798	0.979798	0.979798	0.979798	0.979798	0.979798	0.979798	0.979798	0.979798	0.979798	0.979798	0.979798	0.979798	0.979798	0.979798	0.979798	0.979798	0.979798	0.979798	0.979798	0.979798	0.979603	0.979434	0.979264	0.979095	0.978925	0.978756	0.978586	0.978417	0.978247	0.978078	0.977908	0.977738	
0.97927	0.978223	0.978308	0.978394	0.978479	0.978564	0.978649	0.978735	0.97882	0.978905	0.97899	0.979076	0.979161	0.979246	0.979331	0.977805	0.977971	0.978137	0.978303	0.978469	0.978635	0.979798	0.979798	0.979798	0.979798	0.979798	0.979798	0.979798	0.979798	0.979798	0.979798	0.979798	0.979798	0.979798	0.979798	0.979798	0.979798	0.979798	0.979798	0.979798	0.979798	0.979798	0.979798	0.979798	0.979798	0.979798	0.979798	0.979798	0.979798	0.979798	0.979798	0.979798	0.979798	0.979798	0.979798	0.979798	0.979798	0.979798	0.979798	0.979798	0.979798	0.979798	0.979798	0.979798	0.979798	0.979798	0.979798	0.979798	0.979798	0.979798	0.979798	0.979798	0.979798	0.979798	0.979798	0.979798	0.979798	0.979798	0.979798	0.979798	0.979798	0.979798	0.979798	0.979798	0.979798	0.979798	0.979798	0.979798	0.979798	0.979798	0.979798	0.979798	0.979798	0.979798	0.979798	0.979798	0.979798	0.979798	0.979798	0.979798	0.979798	0.979798	0.979798	0.979798	0.979798	0.979798	0.979798	0.979798	0.979798	0.979798	0.979798	0.979798	0.979798	0.979798	0.979798	0.979798	0.979798	0.979798	0.979798	0.979798	0.979798	0.979798	0.979798	0.979798	0.979798	0.979798	0.979798	0.979798	0.979798	0.979798	0.979798	0.979798	0.979798	0.979798	0.979798	0.979798	0.979798	0.979798	0.979798	0.979798	0.979798	0.979798	0.979798	0.979798	0.979798	0.979798	0.979798	0.979798	0.979798	0.979798	0.979798	0.979798	0.979798	0.979798	0.979798	0.979798	0.979798	0.979798	0.979798	0.979798	0.979798	0.979798	0.979798	0.979798	0.979798	0.979798	0.979798	0.979798	0.979798	0.979603	0.979434	0.979264	0.979095	0.978925	0.978756	0.978586	0.978417	0.978247	0.978078	0.977908	0.977738	
0.978275	0.978361	0.978446	0.978531	0.978616	0.978702	0.978787	0.978872	0.978957	0.979043	0.979128	0.979213	0.979298	0.979384	0.977971	0.978137	0.978303	0.978469	0.978635	0.978801	0.978967	0.979798	0.979798	0.979798	0.979798	0.979798	0.979798	0.979798	0.979798	0.979798	0.979798	0.979798	0.979798	0.979798	0.979798	0.979798	0.979798	0.979798	0.979798	0.979798	0.979798	0.979798	0.979798	0.979798	0.979798	0.979798	0.979798	0.979798	0.979798	0.979798	0.979798	0.979798	0.979798	0.979798	0.979798	0.979798	0.979798	0.979798	0.979798	0.979798	0.979798	0.979798	0.979798	0.979798	0.979798	0.979798	0.979798	0.979798	0.979798	0.979798	0.979798	0.979798	0.979798	0.979798	0.979798	0.979798	0.979798	0.979798	0.979798	0.979798	0.979798	0.979798	0.979798	0.979798	0.979798	0.979798	0.979798	0.979798	0.979798	0.979798	0.979798	0.979798	0.979798	0.979798	0.979798	0.979798	0.979798	0.979798	0.979798	0.979798	0.979798	0.979798	0.979798	0.979798	0.979798	0.979798	0.979798	0.979798	0.979798	0.979798	0.979798	0.979798	0.979798	0.979798	0.979798	0.979798	0.979798	0.979798	0.979798	0.979798	0.979798	0.979798	0.979798	0.979798	0.979798	0.979798	0.979798	0.979798	0.979798	0.979798	0.979798	0.979798	0.979798	0.979798	0.979798	0.979798	0.979798	0.979798	0.979798	0.979798	0.979798	0.979798	0.979798	0.979798	0.979798	0.979798	0.979798	0.979798	0.979798	0.979798	0.979798	0.979798	0.979798	0.979798	0.979798	0.979798	0.979798	0.979798	0.979798	0.979798	0.979798	0.979798	0.979798	0.979798	0.979798	0.979798	0.979798	0.979798	0.979798	0.979603	0.979434	0.979264	0.979095	0.978925	0.978756	0.978586	0.978417	0.978247	0.978078	0.977908	0.977738	
0.979334	0.978413	0.978498	0.978583	0.978669	0.978754	0.978839	0.978924	0.97901	0.979095	0.97918	0.979265	0.979351	0.977971	0.978137	0.978303	0.978469	0.978635	0.978801	0.978967	0.979133	0.979798	0.979798	0.979798	0.979798	0.979798	0.979798	0.979798	0.979798	0.979798	0.979798	0.979798	0.979798	0.979798	0.979798	0.979798	0.979798	0.979798	0.979798	0.979798	0.979798	0.979798	0.979798	0.979798	0.979798	0.979798	0.979798	0.979798	0.979798	0.979798	0.979798	0.979798	0.979798	0.979798	0.979798	0.979798	0.979798	0.979798	0.979798	0.979798	0.979798	0.979798	0.979798	0.979798	0.979798	0.979798	0.979798	0.979798	0.979798	0.979798	0.979798	0.979798	0.979798	0.979798	0.979798	0.979798	0.979798	0.979798	0.979798	0.979798	0.979798	0.979798	0.979798	0.979798	0.979798	0.979798	0.979798	0.979798	0.979798	0.979798	0.979798	0.979798	0.979798	0.979798	0.979798	0.979798	0.979798	0.979798	0.979798	0.979798	0.979798	0.979798	0.979798	0.979798	0.979798	0.979798	0.979798	0.979798	0.979798	0.979798	0.979798	0.979798	0.979798	0.979798	0.979798	0.979798	0.979798	0.979798	0.979798	0.979798	0.979798	0.979798	0.979798	0.979798	0.979798	0.979798	0.979798	0.979798	0.979798	0.979798	0.979798	0.979798	0.979798	0.979798	0.979798	0.979798	0.979798	0.979798	0.979798	0.979798	0.979798	0.979798	0.979798	0.979798	0.979798	0.979798	0.979798	0.979798	0.979798	0.979798	0.979798	0.979798	0.979798	0.979798	0.979798	0.979798	0.979798	0.979798	0.979798	0.979798	0.979798	0.979798	0.979798	0.979798	0.979798	0.979798	0.979798	0.979798	0.979798	0.979798	0.979603	0.979434	0.979264	0.979095	0.978925	0.978756	0.978586	0.978417	0.978247	0.978078	0.977908	0.977738	
0.978465	0.978551	0.978636	0.978721	0.978806	0.978892	0.978977	0.979062	0.979147	0.979233	0.979318	0.979403	0.978137	0.978303	0.978469	0.978635	0.978801	0.978967	0.979133	0.979299	0.979465	0.979798	0.979798	0.979798	0.979798	0.979798	0.979798	0.979798	0.979798	0.979798	0.979798	0.979798	0.979798	0.979798	0.979798	0.979798	0.979798	0.979798	0.979798	0.979798	0.979798	0.979798	0.979798	0.979798	0.979798	0.979798	0.979798	0.979798	0.979798	0.979798	0.979798	0.979798	0.979798	0.979798	0.979798	0.979798	0.979798	0.979798	0.979798	0.979798	0.979798	0.979798	0.979798	0.979798	0.979798	0.979798	0.979798	0.979798	0.979798	0.979798	0.979798	0.979798	0.979798	0.979798	0.979798	0.979798	0.979798	0.979798	0.979798	0.979798	0.979798	0.979798	0.979798	0.979798	0.979798	0.979798	0.979798	0.979798	0.979798	0.979798	0.979798	0.979798	0.979798	0.979798	0.979798	0.979798	0.979798	0.979798	0.979798	0.979798	0.979798	0.979798	0.979798	0.979798	0.979798	0.979798	0.979798	0.979798	0.979798	0.979798	0.979798	0.979798	0.979798	0.979798	0.979798	0.979798	0.979798	0.979798	0.979798	0.979798	0.979798	0.979798	0.979798	0.979798	0.979798	0.979798	0.979798	0.979798	0.979798	0.979798	0.979798	0.979798	0.979798	0.979798	0.979798	0.979798	0.979798	0.979798	0.979798	0.979798	0.979798	0.979798	0.979798	0.979798	0.979798	0.979798	0.979798	0.979798	0.979798	0.979798	0.979798	0.979798	0.979798	0.979798	0.979798	0.979798	0.979798	0.979798	0.979798	0.979798	0.979798	0.979798	0.979798	0.979798	0.979798	0.979798	0.979798	0.979798	0.979798	0.979798	0.979603	0.979434	0.979264	0.979095	0.978925	0.978756	0.978586	0.978417	0.978247	0.978078	0.977908	0.977738	
0.979398	0.978603	0.978688	0.978773	0.978859	0.978944	0.979029	0.979114	0.9792	0.979285	0.97937	0.979455	0.978303	0.978469	0.978635	0.978801	0.978967	0.979133	0.979299	0.979465	0.979631	0.979798	0.979798	0.979798	0.979798	0.979798	0.979798	0.979798	0.979798	0.979798	0.979798	0.979798	0.979798	0.979798	0.979798	0.979798	0.979798	0.979798	0.979798	0.979798	0.979798	0.979798	0.979798	0.979798	0.979798	0.979798	0.979798	0.979798	0.979798	0.979798	0.979798	0.979798	0.979798	0.979798	0.979798	0.979798	0.979798	0.979798	0.979798	0.979798	0.979798	0.979798	0.979798	0.979798	0.979798	0.979798	0.979798	0.979798	0.979798	0.979798	0.979798	0.979798	0.979798	0.979798	0.979798	0.979798	0.979798	0.979798	0.979798	0.979798	0.979798	0.979798	0.979798	0.979798	0.979798	0.979798	0.979798	0.979798	0.979798	0.979798	0.979798	0.979798	0.979798	0.979798	0.979798	0.979798	0.979798	0.979798	0.979798	0.979798	0.979798	0.979798	0.979798	0.979798	0.979798	0.979798	0.979798	0.979798	0.979798	0.979798	0.979798	0.979798	0.979798	0.979798	0.979798	0.979798	0.979798	0.979798	0.979798	0.979798	0.979798	0.979798	0.979798	0.979798	0.979798	0.979798	0.979798	0.979798	0.979798	0.979798	0.979798	0.979798	0.979798	0.979798	0.979798	0.979798	0.979798	0.979798	0.979798	0.979798	0.979798	0.979798	0.979798	0.979798	0.979798	0.979798	0.979798	0.979798	0.979798	0.979798	0.979798	0.979798	0.979798	0.979798	0.979798	0.979798	0.979798	0.979798	0.979798	0.979798	0.979798	0.979798	0.979798	0.979798	0.979798	0.979798	0.979798	0.979798	0.979798	0.979798	0.979798	0.979603	0.979434	0.979264	0.979095	0.978925	0.978756	0.978586	0.978417	0.978247	0.978078	0.977908	0.977738	
0.979409	0.978655	0.978741	0.978826	0.978911	0.978996	0.979082	0.979167	0.979252	0.979337	0.979423	0.978303	0.978469	0.978635	0.978801	0.978967	0.979133	0.979299	0.979465	0.979632	0.979798	0.979798	0.979798	0.979798	0.979798	0.979798	0.979798	0.979798	0.979798	0.979798	0.979798	0.979798	0.979798	0.979798	0.979798	0.979798	0.979798	0.979798	0.979798	0.979798	0.979798	0.979798	0.979798	0.979798	0.979798	0.979798	0.979798	0.979798	0.979798	0.979798	0.979798	0.979798	0.979798	0.979798	0.979798	0.979798	0.979798	0.979798	0.979798	0.979798	0.979798	0.979798	0.979798	0.979798	0.979798	0.979798	0.979798	0.979798	0.979798	0.979798	0.979798	0.979798	0.979798	0.979798	0.979798	0.979798	0.979798	0.979798	0.979798	0.979798	0.979798	0.979798	0.979798	0.979798	0.979798	0.979798	0.979798	0.979798	0.979798	0.979798	0.979798	0.979798	0.979798	0.979798	0.979798	0.979798	0.979798	0.979798	0.979798	0.979798	0.979798	0.979798	0.979798	0.979798	0.979798	0.979798	0.979798	0.979798	0.979798	0.979798	0.979798	0.979798	0.979798	0.979798	0.979798	0.979798	0.979798	0.979798	0.979798	0.979798	0.979798	0.979798	0.979798	0.979798	0.979798	0.979798	0.979798	0.979798	0.979798	0.979798	0.979798	0.979798	0.979798	0.979798	0.979798	0.979798	0.979798	0.979798	0.979798	0.979798	0.979798	0.979798	0.979798	0.979798	0.979798	0.979798	0.979798	0.979798	0.979798	0.979798	0.979798	0.979798	0.979798	0.979798	0.979798	0.979798	0.979798	0.979798	0.979798	0.979798	0.979798	0.979798	0.979798	0.979798	0.979798	0.979798	0.979798	0.979798	0.979798	0.979798	0.979798	0.979798	0.979603	0.979434	0.979264	0.979095	0.978925	0.978756	0.978586	0.978417	0.978247	0.978078	0.977908	0.977738	
0.978708	0.978793	0.978878	0.978963	0.979049	0.979134	0.979219	0.979304	0.97939	0.979475	0.978469	0.978635	0.978801	0.978967	0.979133	0.979299	0.979465	0.979632	0.979798	0.979798	0.979798	0.979798	0.979798	0.979798	0.979798	0.979798	0.979798	0.979798	0.979798	0.979798	0.979798	0.979798	0.979798	0.979798	0.979798	0.979798	0.979798	0.979798	0.979798	0.979798	0.979798	0.979798	0.979798	0.979798	0.979798	0.979798	0.979798	0.979798	0.979798	0.979798	0.979798	0.979798	0.979798	0.979798	0.979798	0.979798	0.979798	0.979798	0.979798	0.979798	0.979798	0.979798	0.979798	0.979798	0.979798	0.979798	0.979798	0.979798	0.979798	0.979798	0.979798	0.979798	0.979798	0.979798	0.979798	0.979798	0.979798	0.979798	0.979798	0.979798	0.979798	0.979798	0.979798	0.979798	0.979798	0.979798	0.979798	0.979798	0.979798	0.979798	0.979798	0.979798	0.979798	0.979798	0.979798	0.979798	0.979798	0.979798	0.979798	0.979798	0.979798	0.979798	0.979798	0.979798	0.979798	0.979798	0.979798	0.979798	0.979798	0.979798	0.979798	0.979798	0.979798	0.979798	0.979798	0.979798	0.979798	0.979798	0.979798	0.979798	0.979798	0.979798	0.979798	0.979798	0.979798	0.979798	0.979798	0.979798	0.979798	0.979798	0.979798	0.979798	0.979798	0.979798	0.979798	0.979798	0.979798	0.979798	0.979798	0.979798	0.979798	0.979798	0.979798	0.979798	0.979798	0.979798	0.979798	0.979798	0.979798	0.979798	0.979798	0.979798	0.979798	0.979798	0.979798	0.979798	0.979798	0.979798	0.979798	0.979798	0.979798	0.979798	0.979798	0.979798	0.979798	0.979798	0.979798	0.979798	0.979798	0.979798	0.979798	0.979798	0.979603	0.979434	0.979264	0.979095	0.978925	0.978756	0.978586	0.978417	0.978247	0.978078	0.977908	0.977738	
0.979473	0.978845	0.97893	0.979016	0.979101	0.979186	0.979271	0.979357	0.979442	0.979527	0.978635	0.978801	0.978967	0.979133	0.979299	0.979466	0.979632	0.979798	0.979798	0.979798	0.979798	0.979798	0.979798	0.979798	0.979798	0.979798	0.979798	0.979798	0.979798	0.979798	0.979798	0.979798	0.979798	0.979798	0.979798	0.979798	0.979798	0.979798	0.979798	0.979798	0.979798	0.979798	0.979798	0.979798	0.979798	0.979798	0.979798	0.979798	0.979798	0.979798	0.979798	0.979798	0.979798	0.979798	0.979798	0.979798	0.979798	0.979798	0.979798	0.979798	0.979798	0.979798	0.979798	0.979798	0.979798	0.979798	0.979798	0.979798	0.979798	0.979798	0.979798	0.979798	0.979798	0.979798	0.979798	0.979798	0.979798	0.979798	0.979798	0.979798	0.979798	0.979798	0.979798	0.979798	0.979798	0.979798	0.979798	0.979798	0.979798	0.979798	0.979798	0.979798	0.979798	0.979798	0.979798	0.979798	0.979798	0.979798	0.979798	0.979798	0.979798	0.979798	0.979798	0.979798	0.979798	0.979798	0.979798	0.979798	0.979798	0.979798	0.979798	0.979798	0.979798	0.979798	0.979798	0.979798	0.979798	0.979798	0.979798	0.979798	0.979798	0.979798	0.979798	0.979798	0.979798	0.979798	0.979798	0.979798	0.979798	0.979798	0.979798	0.979798	0.979798	0.979798	0.979798	0.979798	0.979798	0.979798	0.979798	0.979798	0.979798	0.979798	0.979798	0.979798	0.979798	0.979798	0.979798	0.979798	0.979798	0.979798	0.979798	0.979798	0.979798	0.979798	0.979798	0.979798	0.979798	0.979798	0.979798	0.979798	0.979798	0.979798	0.979798	0.979798	0.979798	0.979798	0.979798	0.979798	0.979798	0.979798	0.979798	0.979798	0.979798	0.979603	0.979434	0.979264	0.979095	0.978925	0.978756	0.978586	0.978417	0.978247	0.978078	0.977908	0.977738	
0.978898	0.978983	0.979068	0.979153	0.979239	0.979324	0.979409	0.979494	0.978635	0.978801	0.978967	0.979133	0.979299	0.979466	0.979632	0.979798	0.979798	0.979798	0.979798	0.979798	0.979798	0.979798	0.979798	0.979798	0.979798	0.979798	0.979798	0.979798	0.979798	0.979798	0.979798	0.979798	0.979798	0.979798	0.979798	0.979798	0.979798	0.979798	0.979798	0.979798	0.979798	0.979798	0.979798	0.979798	0.979798	0.979798	0.979798	0.979798	0.979798	0.979798	0.979798	0.979798	0.979798	0.979798	0.979798	0.979798	0.979798	0.979798	0.979798	0.979798	0.979798	0.979798	0.979798	0.979798	0.979798	0.979798	0.979798	0.979798	0.979798	0.979798	0.979798	0.979798	0.979798	0.979798	0.979798	0.979798	0.979798	0.979798	0.979798	0.979798	0.979798	0.979798	0.979798	0.979798	0.979798	0.979798	0.979798	0.979798	0.979798	0.979798	0.979798	0.979798	0.979798	0.979798	0.979798	0.979798	0.979798	0.979798	0.979798	0.979798	0.979798	0.979798	0.979798	0.979798	0.979798	0.979798	0.979798	0.979798	0.979798	0.979798	0.979798	0.979798	0.979798	0.979798	0.979798	0.979798	0.979798	0.979798	0.979798	0.979798	0.979798	0.979798	0.979798	0.979798	0.979798	0.979798	0.979798	0.979798	0.979798	0.979798	0.979798	0.979798	0.979798	0.979798	0.979798	0.979798	0.979798	0.979798	0.979798	0.979798	0.979798	0.979798	0.979798	0.979798	0.979798	0.979798	0.979798	0.979798	0.979798	0.979798	0.979798	0.979798	0.979798	0.979798	0.979798	0.979798	0.979798	0.979798	0.979798	0.979798	0.979798	0.979798	0.979798	0.979798	0.979798	0.979798	0.979798	0.979798	0.979798	0.979798	0.979798	0.979798	0.979798	0.979603	0.979434	0.979264	0.979095	0.978925	0.978756	0.978586	0.978417	0.978247	0.978078	0.977908	0.977738	
0.97895	0.979035	0.97912	0.979206	0.979291	0.979376	0.979461	0.979547	0.978801	0.978967	0.979133	0.979299	0.979466	0.979632	0.979798	0.979798	0.979798	0.979798	0.979798	0.979798	0.979798	0.979798	0.979798	0.979798	0.979798	0.979798	0.979798	0.979798	0.979798	0.979798	0.979798	0.979798	0.979798	0.979798	0.979798	0.979798	0.979798	0.979798	0.979798	0.979798	0.979798	0.979798	0.979798	0.979798	0.979798	0.979798	0.979798	0.979798	0.979798	0.979798	0.979798	0.979798	0.979798	0.979798	0.979798	0.979798	0.979798	0.979798	0.979798	0.979798	0.979798	0.979798	0.979798	0.979798	0.979798	0.979798	0.979798	0.979798	0.979798	0.979798	0.979798	0.979798	0.979798	0.979798	0.979798	0.979798	0.979798	0.979798	0.979798	0.979798	0.979798	0.979798	0.979798	0.979798	0.979798	0.979798	0.979798	0.979798	0.979798	0.979798	0.979798	0.979798	0.979798	0.979798	0.979798	0.979798	0.979798	0.979798	0.979798	0.979798	0.979798	0.979798	0.979798	0.979798	0.979798	0.979798	0.979798	0.979798	0.979798	0.979798	0.979798	0.979798	0.979798	0.979798	0.979798	0.979798	0.979798	0.979798	0.979798	0.979798	0.979798	0.979798	0.979798	0.979798	0.979798	0.979798	0.979798	0.979798	0.979798	0.979798	0.979798	0.979798	0.979798	0.979798	0.979798	0.979798	0.979798	0.979798	0.979798	0.979798	0.979798	0.979798	0.979798	0.979798	0.979798	0.979798	0.979798	0.979798	0.979798	0.979798	0.979798	0.979798	0.979798	0.979798	0.979798	0.979798	0.979798	0.979798	0.979798	0.979798	0.979798	0.979798	0.979798	0.979798	0.979798	0.979798	0.979798	0.979798	0.979798	0.979798	0.979798	0.979798	0.979798	0.979798	0.979603	0.979434	0.979264	0.979095	0.978925	0.978756	0.978586	0.978417	0.978247	0.978078	0.977908	0.977738	
0.979547	0.979088	0.979173	0.979258	0.979343	0.979429	0.979514	0.979599	0.978967	0.979133	0.9793	0.979466	0.979632	0.979798	0.979798	0.979798	0.979798	0.979798	0.979798	0.979798	0.979798	0.979798	0.979798	0.979798	0.979798	0.979798	0.979798	0.979798	0.979798	0.979798	0.979798	0.979798	0.979798	0.979798	0.979798	0.979798	0.979798	0.979798	0.979798	0.979798	0.979798	0.979798	0.979798	0.979798	0.979798	0.979798	0.979798	0.979798	0.979798	0.979798	0.979798	0.979798	0.979798	0.979798	0.979798	0.979798	0.979798	0.979798	0.979798	0.979798	0.979798	0.979798	0.979798	0.979798	0.979798	0.979798	0.979798	0.979798	0.979798	0.979798	0.979798	0.979798	0.979798	0.979798	0.979798	0.979798	0.979798	0.979798	0.979798	0.979798	0.979798	0.979798	0.979798	0.979798	0.979798	0.979798	0.979798	0.979798	0.979798	0.979798	0.979798	0.979798	0.979798	0.979798	0.979798	0.979798	0.979798	0.979798	0.979798	0.979798	0.979798	0.979798	0.979798	0.979798	0.979798	0.979798	0.979798	0.979798	0.979798	0.979798	0.979798	0.979798	0.979798	0.979798	0.979798	0.979798	0.979798	0.979798	0.979798	0.979798	0.979798	0.979798	0.979798	0.979798	0.979798	0.979798	0.979798	0.979798	0.979798	0.979798	0.979798	0.979798	0.979798	0.979798	0.979798	0.979798	0.979798	0.979798	0.979798	0.979798	0.979798	0.979798	0.979798	0.979798	0.979798	0.979798	0.979798	0.979798	0.979798	0.979798	0.979798	0.979798	0.979798	0.979798	0.979798	0.979798	0.979798	0.979798	0.979798	0.979798	0.979798	0.979798	0.979798	0.979798	0.979798	0.979798	0.979798	0.979798	0.979798	0.979798	0.979798	0.979798	0.979798	0.979798	0.979798	0.979603	0.979434	0.979264	0.979095	0.978925	0.978756	0.978586	0.978417	0.978247	0.978078	0.977908	0.977738	
0.97914	0.979225	0.97931	0.979396	0.979481	0.979566	0.978967	0.979133	0.9793	0.979466	0.979632	0.979798	0.979798	0.979798	0.979798	0.979798	0.979798	0.979798	0.979798	0.979798	0.979798	0.979798	0.979798	0.979798	0.979798	0.979798	0.979798	0.979798	0.979798	0.979798	0.979798	0.979798	0.979798	0.979798	0.979798	0.979798	0.979798	0.979798	0.979798	0.979798	0.979798	0.979798	0.979798	0.979798	0.979798	0.979798	0.979798	0.979798	0.979798	0.979798	0.979798	0.979798	0.979798	0.979798	0.979798	0.979798	0.979798	0.979798	0.979798	0.979798	0.979798	0.979798	0.979798	0.979798	0.979798	0.979798	0.979798	0.979798	0.979798	0.979798	0.979798	0.979798	0.979798	0.979798	0.979798	0.979798	0.979798	0.979798	0.979798	0.979798	0.979798	0.979798	0.979798	0.979798	0.979798	0.979798	0.979798	0.979798	0.979798	0.979798	0.979798	0.979798	0.979798	0.979798	0.979798	0.979798	0.979798	0.979798	0.979798	0.979798	0.979798	0.979798	0.979798	0.979798	0.979798	0.979798	0.979798	0.979798	0.979798	0.979798	0.979798	0.979798	0.979798	0.979798	0.979798	0.979798	0.979798	0.979798	0.979798	0.979798	0.979798	0.979798	0.979798	0.979798	0.979798	0.979798	0.979798	0.979798	0.979798	0.979798	0.979798	0.979798	0.979798	0.979798	0.979798	0.979798	0.979798	0.979798	0.979798	0.979798	0.979798	0.979798	0.979798	0.979798	0.979798	0.979798	0.979798	0.979798	0.979798	0.979798	0.979798	0.979798	0.979798	0.979798	0.979798	0.979798	0.979798	0.979798	0.979798	0.979798	0.979798	0.979798	0.979798	0.979798	0.979798	0.979798	0.979798	0.979798	0.979798	0.979798	0.979798	0.979798	0.979798	0.979798	0.979798	0.979603	0.979434	0.979264	0.979095	0.978925	0.978756	0.978586	0.978417	0.978247	0.978078	0.977908	0.977738	
0.979611	0.979277	0.979363	0.979448	0.979533	0.979618	0.979134	0.9793	0.979466	0.979632	0.979798	0.979798	0.979798	0.979798	0.979798	0.979798	0.979798	0.979798	0.979798	0.979798	0.979798	0.979798	0.979798	0.979798	0.979798	0.979798	0.979798	0.979798	0.979798	0.979798	0.979798	0.979798	0.979798	0.979798	0.979798	0.979798	0.979798	0.979798	0.979798	0.979798	0.979798	0.979798	0.979798	0.979798	0.979798	0.979798	0.979798	0.979798	0.979798	0.979798	0.979798	0.979798	0.979798	0.979798	0.979798	0.979798	0.979798	0.979798	0.979798	0.979798	0.979798	0.979798	0.979798	0.979798	0.979798	0.979798	0.979798	0.979798	0.979798	0.979798	0.979798	0.979798	0.979798	0.979798	0.979798	0.979798	0.979798	0.979798	0.979798	0.979798	0.979798	0.979798	0.979798	0.979798	0.979798	0.979798	0.979798	0.979798	0.979798	0.979798	0.979798	0.979798	0.979798	0.979798	0.979798	0.979798	0.979798	0.979798	0.979798	0.979798	0.979798	0.979798	0.979798	0.979798	0.979798	0.979798	0.979798	0.979798	0.979798	0.979798	0.979798	0.979798	0.979798	0.979798	0.979798	0.979798	0.979798	0.979798	0.979798	0.979798	0.979798	0.979798	0.979798	0.979798	0.979798	0.979798	0.979798	0.979798	0.979798	0.979798	0.979798	0.979798	0.979798	0.979798	0.979798	0.979798	0.979798	0.979798	0.979798	0.979798	0.979798	0.979798	0.979798	0.979798	0.979798	0.979798	0.979798	0.979798	0.979798	0.979798	0.979798	0.979798	0.979798	0.979798	0.979798	0.979798	0.979798	0.979798	0.979798	0.979798	0.979798	0.979798	0.979798	0.979798	0.979798	0.979798	0.979798	0.979798	0.979798	0.979798	0.979798	0.979798	0.979798	0.979798	0.979798	0.979798	0.979603	0.979434	0.979264	0.979095	0.978925	0.978756	0.978586	0.978417	0.978247	0.978078	0.977908	0.977738	
0.97933	0.979415	0.9795	0.979586	0.979671	0.9793	0.979466	0.979632	0.979798	0.979798	0.979798	0.979798	0.979798	0.979798	0.979798	0.979798	0.979798	0.979798	0.979798	0.979798	0.979798	0.979798	0.979798	0.979798	0.979798	0.979798	0.979798	0.979798	0.979798	0.979798	0.979798	0.979798	0.979798	0.979798	0.979798	0.979798	0.979798	0.979798	0.979798	0.979798	0.979798	0.979798	0.979798	0.979798	0.979798	0.979798	0.979798	0.979798	0.979798	0.979798	0.979798	0.979798	0.979798	0.979798	0.979798	0.979798	0.979798	0.979798	0.979798	0.979798	0.979798	0.979798	0.979798	0.979798	0.979798	0.979798	0.979798	0.979798	0.979798	0.979798	0.979798	0.979798	0.979798	0.979798	0.979798	0.979798	0.979798	0.979798	0.979798	0.979798	0.979798	0.979798	0.979798	0.979798	0.979798	0.979798	0.979798	0.979798	0.979798	0.979798	0.979798	0.979798	0.979798	0.979798	0.979798	0.979798	0.979798	0.979798	0.979798	0.979798	0.979798	0.979798	0.979798	0.979798	0.979798	0.979798	0.979798	0.979798	0.979798	0.979798	0.979798	0.979798	0.979798	0.979798	0.979798	0.979798	0.979798	0.979798	0.979798	0.979798	0.979798	0.979798	0.979798	0.979798	0.979798	0.979798	0.979798	0.979798	0.979798	0.979798	0.979798	0.979798	0.979798	0.979798	0.979798	0.979798	0.979798	0.979798	0.979798	0.979798	0.979798	0.979798	0.979798	0.979798	0.979798	0.979798	0.979798	0.979798	0.979798	0.979798	0.979798	0.979798	0.979798	0.979798	0.979798	0.979798	0.979798	0.979798	0.979798	0.979798	0.979798	0.979798	0.979798	0.979798	0.979798	0.979798	0.979798	0.979798	0.979798	0.979798	0.979798	0.979798	0.979798	0.979798	0.979798	0.979798	0.979603	0.979434	0.979264	0.979095	0.978925	0.978756	0.978586	0.978417	0.978247	0.978078	0.977908	0.977738	
0.979382	0.979467	0.979553	0.979638	0.9793	0.979466	0.979632	0.979798	0.979798	0.979798	0.979798	0.979798	0.979798	0.979798	0.979798	0.979798	0.979798	0.979798	0.979798	0.979798	0.979798	0.979798	0.979798	0.979798	0.979798	0.979798	0.979798	0.979798	0.979798	0.979798	0.979798	0.979798	0.979798	0.979798	0.979798	0.979798	0.979798	0.979798	0.979798	0.979798	0.979798	0.979798	0.979798	0.979798	0.979798	0.979798	0.979798	0.979798	0.979798	0.979798	0.979798	0.979798	0.979798	0.979798	0.979798	0.979798	0.979798	0.979798	0.979798	0.979798	0.979798	0.979798	0.979798	0.979798	0.979798	0.979798	0.979798	0.979798	0.979798	0.979798	0.979798	0.979798	0.979798	0.979798	0.979798	0.979798	0.979798	0.979798	0.979798	0.979798	0.979798	0.979798	0.979798	0.979798	0.979798	0.979798	0.979798	0.979798	0.979798	0.979798	0.979798	0.979798	0.979798	0.979798	0.979798	0.979798	0.979798	0.979798	0.979798	0.979798	0.979798	0.979798	0.979798	0.979798	0.979798	0.979798	0.979798	0.979798	0.979798	0.979798	0.979798	0.979798	0.979798	0.979798	0.979798	0.979798	0.979798	0.979798	0.979798	0.979798	0.979798	0.979798	0.979798	0.979798	0.979798	0.979798	0.979798	0.979798	0.979798	0.979798	0.979798	0.979798	0.979798	0.979798	0.979798	0.979798	0.979798	0.979798	0.979798	0.979798	0.979798	0.979798	0.979798	0.979798	0.979798	0.979798	0.979798	0.979798	0.979798	0.979798	0.979798	0.979798	0.979798	0.979798	0.979798	0.979798	0.979798	0.979798	0.979798	0.979798	0.979798	0.979798	0.979798	0.979798	0.979798	0.979798	0.979798	0.979798	0.979798	0.979798	0.979798	0.979798	0.979798	0.979798	0.979798	0.979798	0.979798	0.979603	0.979434	0.979264	0.979095	0.978925	0.978756	0.978586	0.978417	0.978247	0.978078	0.977908	0.977738	
0.97952	0.979605	0.97969	0.979466	0.979632	0.979798	0.979798	0.979798	0.979798	0.979798	0.979798	0.979798	0.979798	0.979798	0.979798	0.979798	0.979798	0.979798	0.979798	0.979798	0.979798	0.979798	0.979798	0.979798	0.979798	0.979798	0.979798	0.979798	0.979798	0.979798	0.979798	0.979798	0.979798	0.979798	0.979798	0.979798	0.979798	0.979798	0.979798	0.979798	0.979798	0.979798	0.979798	0.979798	0.979798	0.979798	0.979798	0.979798	0.979798	0.979798	0.979798	0.979798	0.979798	0.979798	0.979798	0.979798	0.979798	0.979798	0.979798	0.979798	0.979798	0.979798	0.979798	0.979798	0.979798	0.979798	0.979798	0.979798	0.979798	0.979798	0.979798	0.979798	0.979798	0.979798	0.979798	0.979798	0.979798	0.979798	0.979798	0.979798	0.979798	0.979798	0.979798	0.979798	0.979798	0.979798	0.979798	0.979798	0.979798	0.979798	0.979798	0.979798	0.979798	0.979798	0.979798	0.979798	0.979798	0.979798	0.979798	0.979798	0.979798	0.979798	0.979798	0.979798	0.979798	0.979798	0.979798	0.979798	0.979798	0.979798	0.979798	0.979798	0.979798	0.979798	0.979798	0.979798	0.979798	0.979798	0.979798	0.979798	0.979798	0.979798	0.979798	0.979798	0.979798	0.979798	0.979798	0.979798	0.979798	0.979798	0.979798	0.979798	0.979798	0.979798	0.979798	0.979798	0.979798	0.979798	0.979798	0.979798	0.979798	0.979798	0.979798	0.979798	0.979798	0.979798	0.979798	0.979798	0.979798	0.979798	0.979798	0.979798	0.979798	0.979798	0.979798	0.979798	0.979798	0.979798	0.979798	0.979798	0.979798	0.979798	0.979798	0.979798	0.979798	0.979798	0.979798	0.979798	0.979798	0.979798	0.979798	0.979798	0.979798	0.979798	0.979798	0.979798	0.979798	0.979603	0.979434	0.979264	0.979095	0.978925	0.978756	0.978586	0.978417	0.978247	0.978078	0.977908	0.977738	
0.979572	0.979657	0.979743	0.979632	0.979798	0.979798	0.979798	0.979798	0.979798	0.979798	0.979798	0.979798	0.979798	0.979798	0.979798	0.979798	0.979798	0.979798	0.979798	0.979798	0.979798	0.979798	0.979798	0.979798	0.979798	0.979798	0.979798	0.979798	0.979798	0.979798	0.979798	0.979798	0.979798	0.979798	0.979798	0.979798	0.979798	0.979798	0.979798	0.979798	0.979798	0.979798	0.979798	0.979798	0.979798	0.979798	0.979798	0.979798	0.979798	0.979798	0.979798	0.979798	0.979798	0.979798	0.979798	0.979798	0.979798	0.979798	0.979798	0.979798	0.979798	0.979798	0.979798	0.979798	0.979798	0.979798	0.979798	0.979798	0.979798	0.979798	0.979798	0.979798	0.979798	0.979798	0.979798	0.979798	0.979798	0.979798	0.979798	0.979798	0.979798	0.979798	0.979798	0.979798	0.979798	0.979798	0.979798	0.979798	0.979798	0.979798	0.979798	0.979798	0.979798	0.979798	0.979798	0.979798	0.979798	0.979798	0.979798	0.979798	0.979798	0.979798	0.979798	0.979798	0.979798	0.979798	0.979798	0.979798	0.979798	0.979798	0.979798	0.979798	0.979798	0.979798	0.979798	0.979798	0.979798	0.979798	0.979798	0.979798	0.979798	0.979798	0.979798	0.979798	0.979798	0.979798	0.979798	0.979798	0.979798	0.979798	0.979798	0.979798	0.979798	0.979798	0.979798	0.979798	0.979798	0.979798	0.979798	0.979798	0.979798	0.979798	0.979798	0.979798	0.979798	0.979798	0.979798	0.979798	0.979798	0.979798	0.979798	0.979798	0.979798	0.979798	0.979798	0.979798	0.979798	0.979798	0.979798	0.979798	0.979798	0.979798	0.979798	0.979798	0.979798	0.979798	0.979798	0.979798	0.979798	0.979798	0.979798	0.979798	0.979798	0.979798	0.979798	0.979798	0.979798	0.979798	0.979603	0.979434	0.979264	0.979095	0.978925	0.978756	0.978586	0.978417	0.978247	0.978078	0.977908	0.977738	
0.97975	0.97971	0.979632	0.979798	0.979798	0.979798	0.979798	0.979798	0.979798	0.979798	0.979798	0.979798	0.979798	0.979798	0.979798	0.979798	0.979798	0.979798	0.979798	0.979798	0.979798	0.979798	0.979798	0.979798	0.979798	0.979798	0.979798	0.979798	0.979798	0.979798	0.979798	0.979798	0.979798	0.979798	0.979798	0.979798	0.979798	0.979798	0.979798	0.979798	0.979798	0.979798	0.979798	0.979798	0.979798	0.979798	0.979798	0.979798	0.979798	0.979798	0.979798	0.979798	0.979798	0.979798	0.979798	0.979798	0.979798	0.979798	0.979798	0.979798	0.979798	0.979798	0.979798	0.979798	0.979798	0.979798	0.979798	0.979798	0.979798	0.979798	0.979798	0.979798	0.979798	0.979798	0.979798	0.979798	0.979798	0.979798	0.979798	0.979798	0.979798	0.979798	0.979798	0.979798	0.979798	0.979798	0.979798	0.979798	0.979798	0.979798	0.979798	0.979798	0.979798	0.979798	0.979798	0.979798	0.979798	0.979798	0.979798	0.979798	0.979798	0.979798	0.979798	0.979798	0.979798	0.979798	0.979798	0.979798	0.979798	0.979798	0.979798	0.979798	0.979798	0.979798	0.979798	0.979798	0.979798	0.979798	0.979798	0.979798	0.979798	0.979798	0.979798	0.979798	0.979798	0.979798	0.979798	0.979798	0.979798	0.979798	0.979798	0.979798	0.979798	0.979798	0.979798	0.979798	0.979798	0.979798	0.979798	0.979798	0.979798	0.979798	0.979798	0.979798	0.979798	0.979798	0.979798	0.979798	0.979798	0.979798	0.979798	0.979798	0.979798	0.979798	0.979798	0.979798	0.979798	0.979798	0.979798	0.979798	0.979798	0.979798	0.979798	0.979798	0.979798	0.979798	0.979798	0.979798	0.979798	0.979798	0.979798	0.979798	0.979798	0.979798	0.979798	0.979798	0.979798	0.979798	0.979798	0.979603	0.979434	0.979264	0.979095	0.978925	0.978756	0.978586	0.978417	0.978247	0.978078	0.977908	0.977738	
0.979762	0.979798	0.979798	0.979798	0.979798	0.979798	0.979798	0.979798	0.979798	0.979798	0.979798	0.979798	0.979798	0.979798	0.979798	0.979798	0.979798	0.979798	0.979798	0.979798	0.979798	0.979798	0.979798	0.979798	0.979798	0.979798	0.979798	0.979798	0.979798	0.979798	0.979798	0.979798	0.979798	0.979798	0.979798	0.979798	0.979798	0.979798	0.979798	0.979798	0.979798	0.979798	0.979798	0.979798	0.979798	0.979798	0.979798	0.979798	0.979798	0.979798	0.979798	0.979798	0.979798	0.979798	0.979798	0.979798	0.979798	0.979798	0.979798	0.979798	0.979798	0.979798	0.979798	0.979798	0.979798	0.979798	0.979798	0.979798	0.979798	0.979798	0.979798	0.979798	0.979798	0.979798	0.979798	0.979798	0.979798	0.979798	0.979798	0.979798	0.979798	0.979798	0.979798	0.979798	0.979798	0.979798	0.979798	0.979798	0.979798	0.979798	0.979798	0.979798	0.979798	0.979798	0.979798	0.979798	0.979798	0.979798	0.979798	0.979798	0.979798	0.979798	0.979798	0.979798	0.979798	0.979798	0.979798	0.979798	0.979798	0.979798	0.979798	0.979798	0.979798	0.979798	0.979798	0.979798	0.979798	0.979798	0.979798	0.979798	0.979798	0.979798	0.979798	0.979798	0.979798	0.979798	0.979798	0.979798	0.979798	0.979798	0.979798	0.979798	0.979798	0.979798	0.979798	0.979798	0.979798	0.979798	0.979798	0.979798	0.979798	0.979798	0.979798	0.979798	0.979798	0.979798	0.979798	0.979798	0.979798	0.979798	0.979798	0.979798	0.979798	0.979798	0.979798	0.979798	0.979798	0.979798	0.979798	0.979798	0.979798	0.979798	0.979798	0.979798	0.979798	0.979798	0.979798	0.979798	0.979798	0.979798	0.979798	0.979798	0.979798	0.979798	0.979798	0.979798	0.979798	0.979798	0.979798	0.979603	0.979434	0.979264	0.979095	0.978925	0.978756	0.978586	0.978417	0.978247	0.978078	0.977908	0.977738	
0.979814	0.979798	0.979798	0.979798	0.979798	0.979798	0.979798	0.979798	0.979798	0.979798	0.979798	0.979798	0.979798	0.979798	0.979798	0.979798	0.979798	0.979798	0.979798	0.979798	0.979798	0.979798	0.979798	0.979798	0.979798	0.979798	0.979798	0.979798	0.979798	0.979798	0.979798	0.979798	0.979798	0.979798	0.979798	0.979798	0.979798	0.979798	0.979798	0.979798	0.979798	0.979798	0.979798	0.979798	0.979798	0.979798	0.979798	0.979798	0.979798	0.979798	0.979798	0.979798	0.979798	0.979798	0.979798	0.979798	0.979798	0.979798	0.979798	0.979798	0.979798	0.979798	0.979798	0.979798	0.979798	0.979798	0.979798	0.979798	0.979798	0.979798	0.979798	0.979798	0.979798	0.979798	0.979798	0.979798	0.979798	0.979798	0.979798	0.979798	0.979798	0.979798	0.979798	0.979798	0.979798	0.979798	0.979798	0.979798	0.979798	0.979798	0.979798	0.979798	0.979798	0.979798	0.979798	0.979798	0.979798	0.979798	0.979798	0.979798	0.979798	0.979798	0.979798	0.979798	0.979798	0.979798	0.979798	0.979798	0.979798	0.979798	0.979798	0.979798	0.979798	0.979798	0.979798	0.979798	0.979798	0.979798	0.979798	0.979798	0.979798	0.979798	0.979798	0.979798	0.979798	0.979798	0.979798	0.979798	0.979798	0.979798	0.979798	0.979798	0.979798	0.979798	0.979798	0.979798	0.979798	0.979798	0.979798	0.979798	0.979798	0.979798	0.979798	0.979798	0.979798	0.979798	0.979798	0.979798	0.979798	0.979798	0.979798	0.979798	0.979798	0.979798	0.979798	0.979798	0.979798	0.979798	0.979798	0.979798	0.979798	0.979798	0.979798	0.979798	0.979798	0.979798	0.979798	0.979798	0.979798	0.979798	0.979798	0.979798	0.979798	0.979798	0.979798	0.979798	0.979798	0.979798	0.979798	0.979798	0.979603	0.979434	0.979264	0.979095	0.978925	0.978756	0.978586	0.978417	0.978247	0.978078	0.977908	0.977738	
0.979951	0.980059	0.980168	0.980276	0.980384	0.980493	0.980601	0.98071	0.980818	0.980927	0.981035	0.981143	0.981252	0.98136	0.981469	0.981577	
0.980039	0.980147	0.980256	0.980364	0.980473	0.980581	0.98069	0.980798	0.980907	0.981015	0.981123	0.981232	0.98134	0.981449	0.981557	
0.980019	0.980127	0.980236	0.980344	0.980453	0.980561	0.98067	0.980778	0.980886	0.980995	0.981103	0.981212	0.98132	0.981429	0.981537	
0.980107	0.980216	0.980324	0.980433	0.980541	0.98065	0.980758	0.980866	0.980975	0.981083	0.981192	0.9813	0.981409	0.981517	
0.980196	0.980304	0.980413	0.980521	0.98063	0.980738	0.980846	0.980955	0.981063	0.981172	0.98128	0.981389	0.981497	
0.980284	0.980393	0.980501	0.980609	0.980718	0.980826	0.980935	0.981043	0.981152	0.98126	0.981369	0.981477	
0.980264	0.980373	0.980481	0.980589	0.980698	0.980806	0.980915	0.981023	0.981132	0.98124	0.981349	0.981457	
0.980353	0.980461	0.980569	0.980678	0.980786	0.980895	0.981003	0.981112	0.98122	0.981328	0.981437	
0.980441	0.980549	0.980658	0.980766	0.980875	0.980983	0.981092	0.9812	0.981308	0.981417	0.981525	
0.980529	0.980638	0.980746	0.980855	0.980963	0.981072	0.98118	0.981288	0.981397	0.981505	
0.980618	0.980726	0.980835	0.980943	0.981051	0.98116	0.981268	0.981377	0.981485	
0.980598	0.980706	0.980815	0.980923	0.981031	0.98114	0.981248	0.981357	0.981465	
0.980686	0.980795	0.980903	0.981011	0.98112	0.981228	0.981337	0.981445	
0.980774	0.980883	0.980991	0.9811	0.981208	0.981317	0.981425	
0.980863	0.980971	0.98108	0.981188	0.981297	0.981405	
0.980843	0.980951	0.98106	0.981168	0.981277	0.981385	
0.980931	0.98104	0.981148	0.981257	0.981365	
0.98102	0.981128	0.981237	0.981345	
0.981108	0.981216	0.981325	
0.981088	0.981196	0.981305	
0.981176	0.981285	
0.981265	




































































































































































































































